        3994         136
        3994         291
        3994         319
        3994         827
        3994         847
        3994         860
        3994        1139
        3994        1150
        3994        1216
        3994        1254
        3994        1289
        3994        1492
        3994        1513
        3994        1579
        3994        1727
        3994        1931
        3994        2085
        3994        2192
        3994        2402
        3994        2481
        3994        2553
        3994        2753
        3994        2811
        3994        2836
        3994        2897
        3994        2946
        3994        3417
        3994        3433
        3994        3748
        3994        3790
        3994        3879
        3994        3919
        3994        4258
        3994        4265
        3994        4332
        3994        4463
        3994        4500
        3994        4509
        3994        4869
        3994        4976
        3994        5497
        3994        5739
        3994        5914
        3994        5939
        3994        6207
        3994        6290
        3994        6490
        3994        6541
        3994        6663
        3994        6881
        3994        6995
        3994        7133
        3994        7173
        3994        7313
        3994        7420
        3994        7501
        3994        7600
        3994        7608
        3994        7958
        3994        8013
        3994        8023
        3994        8321
        3994        8365
        3994        8448
        3994        8591
        3994        8728
        3994        8814
        3994        8831
        3994        8968
        3994        9081
        3994        9474
        3994        9701
        3994        9977
        3994       10017
        3994       10022
        3994       10092
        3994       10178
        3994       10232
        3994       10293
        3994       10367
        3994       10397
        3994       10705
        3994       10778
        3994       10951
        3994       11071
        3994       11072
        3994       11080
        3994       11142
        3994       11199
        3994       11227
        3994       11231
        3994       11322
        3994       11382
        3994       11424
        3994       11475
        3994       11702
        3994       11704
        3994       12026
        3994       12093
        3994       12350
        3994       12540
        3994       12581
        3994       12723
        3994       13001
        3994       13004
        3994       13109
        3994       13144
        3994       13334
        3994       13383
        3994       13410
        3994       13454
        3994       13494
        3994       13518
        3994       13715
        3994       13762
        3994       13948
        3994       14365
        3994       14368
        3994       14371
        3994       14525
        3994       14594
        3994       14598
        3994       14616
        3994       14712
        3994       14786
        3994       14908
        3994       15370
        3994       15381
        3994       15473
        3994       15494
        3994       15580
        3994       15809
        3994       15895
        3994       16030
        3994       16047
        3994       16072
        3994       16086
        3994       16124
        3994       16125
        3994       16167
        3994       16195
        3994       16230
        3994       16424
        3994       16464
        3994       16624
        3994       16733
        3994       17307
        3994       17420
        3994       17443
        3994       17595
        3994       17599
        3994       17617
        3994       17772
        3994       17860
        3994       18056
        3994       18090
        3994       18583
        3994       18702
        3994       18765
        3994       18774
        3994       19326
        3994       19719
        3994       19729
        3994       19746
        3994       19858
        3994       19970
        3994       19976
        3994       20108
        3994       20136
        3994       20141
        3994       20301
        3994       20346
        3994       20385
        3994       20521
        3994       20630
        3994       20913
        3994       20989
        3994       21116
        3994       21458
        3994       21459
        3994       21655
        3994       21664
        3994       21705
        3994       21809
        3994       21843
        3994       21888
        3994       21911
        3994       22065
        3994       22150
        3994       22526
        3994       22543
        3994       22818
        3994       23023
        3994       23140
        3994       23312
        3994       23403
        3994       23743
        3994       23808
        3994       24039
        3994       24217
        3994       24425
        3994       24476
        3994       24623
        3994       24798
        3994       24817
        3994       24918
        3994       24930
        3994       25020
        3994       25078
        3994       25245
        3994       25406
        3994       25624
        3994       25665
        3994       25759
        3994       25875
        3994       25949
        3994       26011
        3994       26072
        3994       26102
        3994       26132
        3994       26228
        3994       26312
        3994       26367
        3994       26664
        3994       27443
        3994       27693
        3994       27947
        3994       28118
        3994       28131
        3994       28136
        3994       28494
        3994       28518
        3994       28587
        3994       28847
        3994       28934
        3994       28973
        3994       29037
        3994       29137
        3994       29275
        3994       29344
        3994       29389
        3994       29402
        3994       29467
        3994       29475
        3994       29525
        3994       29790
        3994       29820
        3994       30017
        3994       30031
        3994       30067
        3994       30196
        3994       30301
        3994       30335
        3994       30487
        3994       30499
        3994       30663
        3994       30670
        3994       30682
        3994       30738
        3994       30862
        3994       30874
        3994       31018
        3994       31283
        3994       31364
        3994       31615
        3994       31729
        3994       31822
        3994       31870
        3994       32014
        3994       32406
        3994       32563
        3994       32737
        3994       32766
        3994       32961
        3994       33103
        3994       33204
        3994       33264
        3994       33366
        3994       33425
        3994       33500
        3994       33524
        3994       33606
        3994       33620
        3994       33661
        3994       33715
        3994       33886
        3994       33919
        3994       34024
        3994       34193
        3994       34382
        3994       34468
        3994       34566
        3994       34626
        3994       34715
        3994       35072
        3994       35122
        3994       35131
        3994       35231
        3994       35428
        3994       35436
        3994       35529
        3994       35543
        3994       35785
        3994       35822
        3994       35854
        3994       35955
        3994       36033
        3994       36170
        3994       36202
        3994       36316
        3994       36850
        3994       36862
        3994       36997
        3994       37096
        3994       37102
        3994       37256
        3994       37307
        3994       37336
        3994       37436
        3994       37524
        3994       37731
        3994       37767
        3994       37945
        3994       37948
        3994       37975
        3994       38029
        3994       38078
        3994       38119
        3994       38444
        3994       38481
        3994       38639
        3994       38654
        3994       38886
        3994       38940
        3994       39161
        3994       39256
        3994       39274
        3994       39313
        3994       39445
        3994       39449
        3994       39492
        3994       39572
        3994       39669
        3994       39764
        3994       39853
        3994       39912
        3994       39989
        3994       40196
        3994       40363
        3994       40414
        3994       40487
        3994       40606
        3994       40712
        3994       40729
        3994       41541
        3994       41667
        3994       41860
        3994       42045
        3994       42105
        3994       42116
        3994       42303
        3994       42327
        3994       42419
        3994       42436
        3994       42550
        3994       42600
        3994       42637
        3994       42752
        3994       42795
        3994       42967
        3994       43025
        3994       43036
        3994       43136
        3994       43163
        3994       43318
        3994       43449
        3994       43481
        3994       43544
        3994       43610
        3994       43619
        3994       43632
        3994       43638
        3994       43734
        3994       43801
        3994       44057
        3994       44248
        3994       44255
        3994       44283
        3994       44288
        3994       44317
        3994       44527
        3994       44546
        3994       44578
        3994       44648
        3994       44892
        3994       45234
        3994       45258
        3994       45274
        3994       45366
        3994       45405
        3994       45413
        3994       45432
        3994       45562
        3994       45597
        3994       45693
        3994       45807
        3994       46217
        3994       46297
        3994       46376
        3994       46429
        3994       46572
        3994       46658
        3994       46698
        3994       46699
        3994       46760
        3994       46806
        3994       46838
        3994       47060
        3994       47069
        3994       47166
        3994       47239
        3994       47311
        3994       47324
        3994       47345
        3994       47390
        3994       47739
        3994       47789
        3994       47814
        3994       47893
        3994       47983
        3994       47986
        3994       48095
        3994       48200
        3994       48283
        3994       48287
        3994       48468
        3994       48471
        3994       48675
        3994       48792
        3994       48950
        3994       49007
        3994       49322
        3994       49392
        3994       49605
        3994       49621
        3994       49636
        3994       49768
        3994       49790
        3994       49893
        3994       49904
        3994       49985
        3994       50108
        3994       50696
        3994       50708
        3994       50934
        3994       51034
        3994       51040
        3994       51089
        3994       51135
        3994       51306
        3994       51389
        3994       51800
        3994       52251
        3994       52253
        3994       52320
        3994       52400
        3994       52506
        3994       52535
        3994       52738
        3994       52765
        3994       52804
        3994       52975
        3994       53003
        3994       53058
        3994       53094
        3994       53423
        3994       53447
        3994       53472
        3994       53591
        3994       53929
        3994       54149
        3994       54159
        3994       54299
        3994       54323
        3994       54641
        3994       54697
        3994       55057
        3994       55194
        3994       55200
        3994       55270
        3994       55542
        3994       55698
        3994       55822
        3994       56240
        3994       56265
        3994       56431
        3994       56454
        3994       56756
        3994       56791
        3994       57028
        3994       57144
        3994       57252
        3994       57575
        3994       57638
        3994       57707
        3994       57976
        3994       58026
        3994       58128
        3994       58269
        3994       58447
        3994       58662
        3994       58814
        3994       58948
        3994       58991
        3994       59009
        3994       59125
        3994       59601
        3994       59699
        3994       59703
        3994       59858
        3994       60060
        3994       60127
        3994       60169
        3994       60430
        3994       60475
        3994       60547
        3994       60607
        3994       60673
        3994       60683
        3994       60785
        3994       60913
        3994       61158
        3994       61170
        3994       61184
        3994       61413
        3994       61429
        3994       61586
        3994       61596
        3994       61706
        3994       61838
        3994       62202
        3994       62209
        3994       62272
        3994       62556
        3994       62607
        3994       62664
        3994       62925
        3994       63277
        3994       63289
        3994       63339
        3994       63697
        3994       63837
        3994       64049
        3994       64174
        3994       64323
        3994       64442
        3994       64863
        3994       65011
        3994       65061
        3994       65090
        3994       65366
        3994       65432
        3994       65759
        3994       65766
        3994       65824
        3994       65926
        3994       65997
        3994       65998
        3994       66071
        3994       66270
        3994       66292
        3994       66295
        3994       66556
        3994       66656
        3994       66707
        3994       66721
        3994       66729
        3994       66847
        3994       66922
        3994       67054
        3994       67134
        3994       67485
        3994       67575
        3994       67577
        3994       67669
        3994       67792
        3994       67859
        3994       67951
        3994       67971
        3994       68249
        3994       68335
        3994       68496
        3994       68634
        3994       68735
        3994       68812
        3994       68855
        3994       68976
        3994       69138
        3994       69201
        3994       69415
        3994       69696
        3994       69910
        3994       70232
        3994       70237
        3994       70328
        3994       70399
        3994       70414
        3994       70434
        3994       70594
        3994       70610
        3994       70629
        3994       70753
        3994       70958
        3994       71100
        3994       71122
        3994       71244
        3994       71396
        3994       71417
        3994       71630
        3994       71683
        3994       71877
        3994       71903
        3994       71909
        3994       71946
        3994       72462
        3994       72540
        3994       72614
        3994       72629
        3994       72881
        3994       72924
        3994       73496
        3994       73567
        3994       73583
        3994       73612
        3994       73713
        3994       73822
        3994       73848
        3994       73911
        3994       74264
        3994       74290
        3994       74433
        3994       74461
        3994       74576
        3994       74883
        3994       74966
        3994       75067
        3994       75101
        3994       75106
        3994       75191
        3994       75243
        3994       75262
        3994       75286
        3994       75287
        3994       75451
        3994       75576
        3994       75591
        3994       75628
        3994       76142
        3994       76282
        3994       76666
        3994       76878
        3994       76897
        3994       76907
        3994       77030
        3994       77112
        3994       77164
        3994       77188
        3994       77386
        3994       77437
        3994       77591
        3994       77671
        3994       77696
        3994       77706
        3994       77724
        3994       77796
        3994       77853
        3994       78032
        3994       78374
        3994       78467
        3994       78480
        3994       78545
        3994       78590
        3994       78678
        3994       78687
        3994       78695
        3994       78711
        3994       79027
        3994       79077
        3994       79423
        3994       79444
        3994       79563
        3994       79573
        3994       79690
        3994       79764
        3994       80252
        3994       80347
        3994       80692
        3994       81002
        3994       81151
        3994       81419
        3994       81533
        3994       81563
        3994       81606
        3994       81776
        3994       81969
        3994       82389
        3994       82403
        3994       82482
        3994       82513
        3994       82867
        3994       83102
        3994       83110
        3994       83501
        3994       83692
        3994       83792
        3994       83822
        3994       84325
        3994       84352
        3994       84538
        3994       84654
        3994       84699
        3994       84820
        3994       84824
        3994       84871
        3994       84886
        3994       85310
        3994       85354
        3994       85525
        3994       85569
        3994       85609
        3994       85670
        3994       85723
        3994       85846
        3994       85920
        3994       85970
        3994       86066
        3994       86419
        3994       86509
        3994       86515
        3994       86546
        3994       86582
        3994       86654
        3994       86672
        3994       86836
        3994       87125
        3994       87176
        3994       87323
        3994       87369
        3994       87710
        3994       87791
        3994       87809
        3994       88046
        3994       88088
        3994       88212
        3994       88347
        3994       88420
        3994       88724
        3994       88783
        3994       88932
        3994       89016
        3994       89035
        3994       90105
        3994       90151
        3994       90156
        3994       90168
        3994       90209
        3994       90216
        3994       90499
        3994       90521
        3994       90888
        3994       91119
        3994       91135
        3994       91273
        3994       91425
        3994       91686
        3994       91705
        3994       91842
        3994       92191
        3994       92402
        3994       92415
        3994       92483
        3994       92656
        3994       92660
        3994       92697
        3994       93122
        3994       93203
        3994       93206
        3994       93406
        3994       93415
        3994       93431
        3994       93449
        3994       93450
        3994       93651
        3994       94436
        3994       94488
        3994       94626
        3994       94639
        3994       94700
        3994       94809
        3994       94855
        3994       94961
        3994       95015
        3994       95034
        3994       95358
        3994       95452
        3994       95623
        3994       95714
        3994       95913
        3994       95953
        3994       95955
        3994       96072
        3994       96146
        3994       96149
        3994       96206
        3994       96311
        3994       96558
        3994       96560
        3994       96564
        3994       96837
        3994       97026
        3994       97248
        3994       97304
        3994       97364
        3994       97386
        3994       97505
        3994       97582
        3994       97604
        3994       97613
        3994       97730
        3994       97746
        3994       98116
        3994       98210
        3994       98314
        3994       98335
        3994       98343
        3994       98382
        3994       98437
        3994       98540
        3994       98613
        3994       98618
        3994       99022
        3994       99095
        3994       99140
        3994       99232
        3994       99257
        3994       99321
        3994       99678
        3994       99693
        3994      100009
        3994      100191
        3994      100228
        3994      100259
        3994      100355
        3994      100384
        3994      100493
        3994      100740
        3994      100951
        3994      101007
        3994      101074
        3994      101173
        3994      101189
        3994      101356
        3994      101435
        3994      101670
        3994      101690
        3994      101826
        3994      101889
        3994      101949
        3994      102074
        3994      102178
        3994      102482
        3994      102576
        3994      102586
        3994      102625
        3994      102643
        3994      102680
        3994      102814
        3994      102834
        3994      102841
        3994      102922
        3994      102968
        3994      103393
        3994      103482
        3994      103555
        3994      104007
        3994      104021
        3994      104212
        3994      104230
        3994      104299
        3994      104634
        3994      104667
        3994      104673
        3994      104864
        3994      104890
        3994      104923
        3994      105010
        3994      105068
        3994      105101
        3994      105190
        3994      105341
        3994      105352
        3994      105454
        3994      105506
        3994      105674
        3994      106064
        3994      106092
        3994      106145
        3994      106248
        3994      106402
        3994      106477
        3994      106566
        3994      106617
        3994      106821
        3994      106902
        3994      107213
        3994      107288
        3994      107401
        3994      107579
        3994      107593
        3994      107653
        3994      107678
        3994      107950
        3994      107980
        3994      108149
        3994      108178
        3994      108353
        3994      108354
        3994      108429
        3994      108493
        3994      108586
        3994      108593
        3994      108634
        3994      108691
        3994      109032
        3994      109082
        3994      109089
        3994      109095
        3994      109199
        3994      109412
        3994      109414
        3994      109543
        3994      109565
        3994      109601
        3994      109907
        3994      109921
        3994      109939
        3994      110146
        3994      110892
        3994      111020
        3994      111032
        3994      111652
        3994      111739
        3994      111837
        3994      111911
        3994      112127
        3994      112337
        3994      112503
        3994      112531
        3994      112767
        3994      112777
        3994      112888
        3994      112949
        3994      113020
        3994      113074
        3994      113087
        3994      113280
        3994      113349
        3994      113495
        3994      113858
        3994      113884
        3994      113921
        3994      114030
        3994      114031
        3994      114232
        3994      114276
        3994      114301
        3994      114395
        3994      114614
        3994      115303
        3994      115690
        3994      115848
        3994      115997
        3994      116035
        3994      116197
        3994      116396
        3994      116441
        3994      116547
        3994      116639
        3994      116656
        3994      116733
        3994      116766
        3994      117126
        3994      117182
        3994      117419
        3994      117535
        3994      117646
        3994      117894
        3994      118109
        3994      118257
        3994      118326
        3994      118377
        3994      118673
        3994      118797
        3994      118803
        3994      118813
        3994      118861
        3994      119052
        3994      119145
        3994      119446
        3994      119508
        3994      119509
        3994      119557
        3994      119607
        3994      119751
        3994      120024
        3994      120090
        3994      120723
        3994      120812
        3994      121120
        3994      121164
        3994      121191
        3994      121283
        3994      121320
        3994      121572
        3994      121601
        3994      121608
        3994      121733
        3994      121829
        3994      122001
        3994      122213
        3994      122384
        3994      122596
        3994      122622
        3994      122695
        3994      122821
        3994      122852
        3994      122941
        3994      123025
        3994      123529
        3994      123735
        3994      123928
        3994      124121
        3994      124342
        3994      124407
        3994      124474
        3994      124498
        3994      124555
        3994      124655
        3994      124794
        3994      124905
        3994      125056
        3994      125278
        3994      125378
        3994      125420
        3994      125489
        3994      125679
        3994      125698
        3994      125700
        3994      125821
        3994      126022
        3994      126265
        3994      126381
        3994      126610
        3994      126755
        3994      126827
        3994      126966
        3994      127073
        3994      127094
        3994      127142
        3994      127200
        3994      127215
        3994      127331
        3994      127347
        3994      127401
        3994      127421
        3994      127453
        3994      127493
        3994      127704
        3994      127890
        3994      128206
        3994      128331
        3994      128407
        3994      128497
        3994      128680
        3994      128778
        3994      128856
        3994      128950
        3994      129321
        3994      129461
        3994      129656
        3994      129682
        3994      129809
        3994      129821
        3994      129865
        3994      129991
        3994      129996
        3994      130004
        3994      130043
        3994      130085
        3994      130164
        3994      130296
        3994      130363
        3994      130524
        3994      130627
        3994      130639
        3994      130682
        3994      130740
        3994      130801
        3994      130935
        3994      130959
        3994      131007
        3994      131091
        3994      131116
        3994      131130
        3994      131198
        3994      131204
        3994      131290
        3994      131372
        3994      131458
        3994      131827
        3994      131909
        3994      132338
        3994      132506
        3994      132639
        3994      132663
        3994      132790
        3994      132980
        3994      133203
        3994      133284
        3994      133387
        3994      133410
        3994      133508
        3994      133576
        3994      133920
        3994      134603
        3994      134832
        3994      134834
        3994      134836
        3994      134912
        3994      134952
        3994      135358
        3994      135459
        3994      135622
        3994      135671
        3994      135859
        3994      135888
        3994      136016
        3994      136550
        3994      136664
        3994      136978
        3994      137192
        3994      137216
        3994      137307
        3994      137338
        3994      137349
        3994      137515
        3994      137621
        3994      137866
        3994      138011
        3994      138095
        3994      138147
        3994      138413
        3994      138801
        3994      138822
        3994      138870
        3994      138962
        3994      138964
        3994      139042
        3994      139047
        3994      139110
        3994      139122
        3994      139167
        3994      139214
        3994      139238
        3994      139348
        3994      139660
        3994      139687
        3994      140128
        3994      140280
        3994      140282
        3994      140288
        3994      140294
        3994      140386
        3994      141008
        3994      141212
        3994      141266
        3994      141489
        3994      141584
        3994      141696
        3994      141978
        3994      142015
        3994      142123
        3994      142153
        3994      142207
        3994      142288
        3994      142326
        3994      142332
        3994      142349
        3994      142435
        3994      142471
        3994      142564
        3994      142739
        3994      143505
        3994      143802
        3994      144021
        3994      144136
        3994      144176
        3994      144357
        3994      144495
        3994      144789
        3994      145108
        3994      145152
        3994      145231
        3994      145313
        3994      145430
        3994      145710
        3994      146090
        3994      146143
        3994      146160
        3994      146213
        3994      146225
        3994      146278
        3994      146283
        3994      146474
        3994      146623
        3994      146665
        3994      146907
        3994      146962
        3994      147025
        3994      147077
        3994      147104
        3994      147110
        3994      147490
        3994      147700
        3994      147732
        3994      148232
        3994      148240
        3994      148585
        3994      148636
        3994      148759
        3994      148845
        3994      148874
        3994      148895
        3994      149042
        3994      149146
        3994      149189
        3994      149282
        3994      149353
        3994      149418
        3994      149523
        3994      149690
        3994      149751
        3994      149909
        3994      149918
        3994      149940
        3994      150086
        3994      150522
        3994      150867
        3994      150978
        3994      150989
        3994      151017
        3994      151033
        3994      151091
        3994      151107
