254.5
-1
-1
279.96
106.06
53.54
-1
286.09
-1
85.45
285.81
-1
-1
273.42
-1
114.34
-1
266.38
-1
63.9
301.02
-1
256.95
273.94
-1
-1
-1
52.8
91.54
65.45
-1
-1
-1
38.16
-1
-1
67.32
95.51
-1
-1
-1
-1
49.52
-1
245.38
38.83
-1
235.58
122.92
-1
53.06
275.64
281.51
-1
-1
84.58
18
-1
-1
-1
244.46
-1
250.71
271.17
267.58
246.78
58.04
-1
65.37
-1
291.78
-1
-1
-1
-1
60.08
228.89
-1
258.46
281.06
229.95
256.99
-1
-1
-1
-1
283.68
-1
-1
64.11
97.09
59.44
287.51
258.91
96.38
33.76
-1
-1
33
301.61
54.82
228.11
255.91
-1
66.9
251.27
255.1
-1
303.73
249.41
-1
-1
114.96
-1
248.08
-1
301.42
-1
-1
-1
-1
290.93
258.14
103.42
-1
-1
-1
282.81
-1
-1
-1
63.68
289.89
69.17
284.85
86.47
-1
242.11
-1
-1
-1
61.19
-1
43.07
255.93
261.11
77.91
64.93
-1
-1
288.64
-1
-1
38.17
55
-1
284.93
31.27
-1
247.22
25.52
76.85
-1
76.66
-1
-1
80.62
-1
-1
50.8
268.96
98.31
53.07
215.89
269.7
-1
-1
-1
79.24
261.95
281.17
50.58
-1
68.54
59.5
275.94
54.39
50.07
116.78
43.79
-1
-1
301.85
-1
-1
79.07
279.05
305.88
-1
286.81
236.92
-1
45.16
268.58
301.46
-1
-1
69.52
297.46
25.17
-1
-1
85.78
211.02
-1
-1
-1
82.53
52.47
-1
41.07
255.32
86.06
-1
296.61
-1
-1
295.7
48.83
153.2
-1
243.76
81.65
242.48
-1
-1
93.75
307.21
43.98
104.99
263.06
-1
70.77
279.4
-1
87.38
-1
225.95
71.8
117.84
-1
281.06
-1
-1
-1
238.09
300.5
-1
-1
285.63
-1
-1
-1
70.68
-1
260.19
47.55
73.16
279.84
303.24
-1
-1
100.91
44.4
-1
-1
-1
249.03
-1
305.7
-1
231.71
-1
203.61
-1
299.49
267.65
-1
99.74
-1
46.51
-1
291.09
52.77
250.64
-1
247.71
299.35
264.33
-1
87.98
70.6
276.87
243.45
-1
94.64
-1
62.21
275.83
75.84
123.5
92.22
252.35
-1
59.71
266.06
-1
-1
53.91
55.42
-1
282.63
104.79
-1
272.16
-1
76.28
281.57
53.66
282.7
101.94
280.56
265.01
-1
-1
-1
266.06
266.82
-1
-1
-1
218.28
48.63
-1
-1
231.61
-1
-1
111.72
80.2
-1
54.4
-1
-1
52.77
-1
276.02
29.8
-1
-1
231.56
-1
52.82
67.71
51.95
259.28
275.93
42.35
80.4
-1
273.5
-1
-1
72.31
290.57
-1
300.25
104.79
-1
-1
264.72
291.46
-1
-1
-1
277.86
282.68
-1
128.08
89.93
-1
101.02
-1
258
-1
-1
232.17
-1
-1
50.56
-1
-1
47.81
38.87
67.5
-1
-1
-1
60.58
-1
239.43
104.18
-1
293.97
5.33
280.71
70.73
84.39
237.39
-1
-1
82.19
-1
242.29
-1
-1
80.16
287.36
-1
-1
-1
274.35
244.13
271.09
290.27
59.28
271.94
241.59
244.66
66.58
48.66
-1
-1
-1
76.98
-1
318.1
58.44
295.69
-1
43.31
-1
-1
-1
55.21
-1
242.14
-1
59.69
55.82
-1
-1
76.07
40.43
290.24
-1
-1
280.46
-1
251.76
-1
-1
276.04
138.41
266.53
102.15
276.97
-1
51.29
-1
127.45
280.32
290.42
51.87
271.05
31.46
317.31
104.14
232.03
87.91
271
52.27
-1
-1
98.36
265.65
-1
-1
141.31
101.97
-1
-1
80.97
-1
-1
249.18
-1
73.98
-1
81.1
-1
-1
-1
-1
259.08
-1
270.54
50.48
262.93
91.49
63.39
-1
-1
219.96
274.68
58.81
245.9
287.51
85.36
55.56
-1
236.21
60.06
-1
-1
232.66
76.02
-1
76.41
278.22
-1
282.16
61.31
46.26
319.2
-1
-1
292.99
-1
271.28
-1
-1
-1
242.88
259.71
290.82
-1
58.12
-1
-1
-1
224.9
-1
-1
77.65
79.78
298.59
-1
48.61
285.18
48.07
284.54
265.03
246.61
-1
-1
-1
-1
81.03
54.44
279.74
-1
55.42
36.99
243.68
-1
74.08
-1
70.77
260.07
48.16
90.03
277.01
-1
-1
-1
242
-1
42
247.85
-1
-1
253.7
-1
18.68
-1
261.47
97.39
284.35
254.04
-1
-1
-1
279.63
-1
93.94
232.13
-1
297.11
51.4
285.96
-1
32.3
273.53
46.22
283.14
-1
303.7
-1
249.16
32.45
290.22
67.58
255.58
-1
-1
57.12
220.75
119.42
114.45
-1
278.49
285.19
243.47
225.03
220.44
284.37
-1
66.88
299.74
58.92
93.94
-1
-1
77.05
-1
62.67
248.71
17.78
-1
240.89
47.78
257.64
-1
-1
-1
50.83
107.28
56.23
-1
-1
-1
277.87
-1
214.69
102.75
-1
285.51
279.54
-1
261.49
-1
292.4
-1
258.43
110.28
73.31
301.1
-1
-1
71.46
254.27
-1
-1
291.89
316.07
293.75
-1
236.93
273.53
261.61
-1
222.24
310.53
-1
-1
292.32
95.83
74.72
248.03
-1
64.94
-1
-1
-1
77.79
-1
-1
-1
229.15
292.16
53.77
283.65
-1
-1
-1
294.55
282.91
69.99
55.07
-1
282.12
-1
286.65
-1
-1
236.93
77.41
65.51
54.73
318.34
-1
-1
283.02
258.54
42.27
-1
80.42
78.53
-1
44.04
89.72
-1
69.79
31.95
-1
59.59
-1
290.83
-1
229.34
277.7
-1
277.67
-1
289.51
50.35
93.94
-1
-1
-1
104.85
103.86
240.76
269.7
58.39
102
33.11
-1
57.75
247.97
103.81
296.59
222.76
45.14
18.35
-1
44.14
280.66
257.01
-1
242.35
-1
273.79
263.15
283.65
79.54
-1
-1
-1
111.37
284.04
-1
-1
237.02
252.34
284.05
65.55
292.44
66.58
251.92
358.94
23.6
240.75
259.23
323.46
-1
-1
132.16
52.34
62.29
-1
265.13
54.95
252.43
78.49
67.54
72.63
77.39
245.14
65.95
-1
139.71
256.22
66.68
257.54
-1
61.72
73.85
-1
79.43
61.29
224.05
-1
77.52
244.88
-1
-1
-1
-1
52.2
-1
48.12
309.02
52.78
274.62
-1
209.27
279
251.07
70.77
81.85
-1
273.53
263.56
222.96
241.17
119.14
-1
-1
-1
-1
83.67
-1
259.45
78.33
260.68
113.09
303.69
236.96
56.26
67.82
278.43
90.96
-1
87.16
-1
231.54
77.03
52.45
80.64
-1
113.73
299.92
-1
298.37
-1
-1
250.88
-1
272.52
73.44
281.17
243.74
263.08
-1
51.93
258.69
71.71
-1
-1
-1
-1
93.94
257.57
118.94
-1
86.14
55.4
90.96
111.3
252.65
45.82
76.86
-1
-1
53.16
-1
276.78
76.35
-1
116.64
-1
32.64
46.04
96.84
272.11
71.35
237.79
-1
-1
-1
-1
-1
24.28
260.43
275.43
-1
-1
103.09
71.73
52.7
282.55
274.63
-1
94.44
279.39
37
-1
-1
278.23
282.57
254.61
104.8
-1
254.17
99.2
288.49
74.42
-1
86.06
-1
-1
254.45
83.4
-1
-1
38.96
70.55
260.43
104.77
33.57
-1
-1
-1
-1
47.89
58.77
-1
251.96
299.48
-1
-1
36.28
290.59
255.09
299.22
72.93
-1
271.61
-1
283.08
53.88
253.31
234.38
281.71
-1
284.79
-1
279.7
-1
-1
86.06
-1
253.5
232.78
298.19
66.73
278.85
-1
289.55
-1
-1
-1
59.28
96.13
223.99
129.74
285.83
-1
60.9
48.76
-1
-1
-1
301.29
225.33
40.42
-1
258.78
297.34
-1
57.34
287.39
-1
-1
-1
-1
-1
-1
119.23
-1
94.44
233.5
-1
69.1
-1
-1
87.96
-1
294.35
-1
-1
259.78
-1
287.21
59.78
-1
290.82
-1
-1
264.58
80.07
238.23
29.33
274.98
-1
298.32
47.26
-1
222.55
55.11
46.92
244.13
50.57
50.36
-1
-1
284.17
-1
-1
100.69
-1
32.99
33.35
264.57
-1
283.38
289.41
263.95
279.82
62.89
-1
-1
-1
-1
225.97
309.02
-1
280.45
63
257.17
-1
-1
-1
290.47
65.52
-1
268
274.52
258.47
69.8
-1
64.91
-1
279.55
-1
105.12
55.7
58.75
273.95
-1
247.83
29.18
53.33
259.28
-1
-1
256.74
285.11
59.03
-1
277.01
65.42
-1
-1
-1
69.55
-1
238.05
59.64
60.8
-1
89.7
105.52
219.02
-1
285.93
119.73
72.14
-1
-1
53.08
60.84
286.56
-1
257.84
42.7
276.19
79.12
56.25
53.41
256.98
100.07
89.72
133.9
-1
76.68
37.81
302.49
244.24
239.6
-1
226.81
282.59
-1
290.57
96.79
66.25
294.62
287.48
59.24
57.07
293.32
-1
289.85
261.63
-1
101.78
-1
68.36
-1
65.48
240.76
36.83
-1
270.42
-1
-1
197.95
-1
290.71
239.93
247.92
102.97
61.54
274.64
-1
63.5
-1
-1
-1
-1
278.69
252.52
-1
307.44
-1
-1
264.9
-1
65.82
-1
57.11
267.55
256.26
229.34
283.4
-1
84.71
-1
295.87
241.14
-1
-1
288.69
264.72
78.91
-1
80.07
-1
-1
253.15
283.92
-1
51.53
-1
76.02
54.45
273.94
294.8
44.65
-1
-1
-1
244.97
51.85
269.7
-1
85.83
209.72
278.27
-1
49.34
75.05
260.01
-1
54.36
-1
231.78
253.39
273.94
212.4
285.21
118.63
293.05
-1
91.78
45.43
-1
38.46
85.79
232.29
53.29
253.92
52.53
-1
82.94
47.69
246.44
-1
61.08
233.05
292.39
-1
107.77
238.96
296.57
95.89
286.87
53.97
-1
248.69
247.83
32.71
288.35
76.94
77.54
270.18
-1
46.01
-1
316.12
42.76
65.31
288
78.53
84.15
257.95
-1
126.74
278.77
232.77
108.44
52.66
-1
277.35
230.33
-1
85.36
70.57
239.93
-1
278.42
66.04
69.46
-1
-1
-1
61.82
209.68
57.01
244.77
258.98
-1
261.45
106.63
-1
270.84
-1
70.24
-1
254.34
84.46
94.64
-1
-1
-1
287.64
93.94
-1
-1
-1
35.98
-1
39.97
-1
-1
267.24
79.88
70.59
-1
284.16
-1
80.73
54.81
252.71
-1
285.36
-1
49.17
50.86
-1
72.77
86.06
-1
229.34
302.72
-1
-1
-1
299.11
81.59
90.36
281.84
253.38
64.78
73.64
284.56
-1
-1
283.69
75.2
245.02
49.82
94.85
-1
230.05
-1
37.98
259.67
224.78
287.91
90.74
81.33
270.14
238.61
238.14
273.94
-1
268.43
-1
81.94
233.56
-1
34.14
255.41
225.56
179.14
49.22
269.74
90.28
-1
-1
-1
69.44
-1
14.25
232.06
-1
-1
-1
-1
-1
242.38
-1
-1
64.6
45.59
58.24
255.83
-1
288.59
259.78
-1
-1
303.51
-1
-1
-1
208.08
96.1
-1
123.61
231.53
-1
52.23
-1
247.23
292.65
-1
64.13
37.04
-1
264.36
78.39
-1
255.73
56.38
76.05
-1
-1
-1
264.55
299.53
278.45
68.23
291.72
244.9
51.42
-1
257.4
297.85
260.27
287.76
45.56
220.53
-1
258.96
258.96
29.75
159.93
285.27
-1
291.22
92.08
110.38
249.28
-1
110.46
207.38
269.7
-1
-1
-1
49.58
230.31
-1
239.14
64.34
-1
242.23
-1
241.36
281.04
-1
299.95
259.12
287.36
300.76
265.46
282.95
-1
-1
265.36
-1
289.33
286.64
-1
237.07
255.04
303.04
293.24
-1
-1
102.83
-1
95.24
96.28
-1
-1
282.37
-1
86.06
128.91
269.14
95.88
105.72
39.25
62.27
82.1
85.77
-1
35.92
250.41
98.73
-1
204.78
120.74
-1
-1
232.22
240.95
232.39
86.21
-1
-1
273.42
266.25
240.75
92.11
223.06
-1
65.11
214.64
240.76
202.59
-1
-1
281.27
-1
-1
299.24
-1
-1
299.69
53.13
-1
280.58
62.28
253.69
63.68
33.76
99.93
-1
55.63
67.68
283.49
75.23
248.28
-1
288.19
-1
-1
102.08
86.06
-1
319.02
108.96
296.83
-1
-1
-1
-1
-1
86.06
48.17
56.46
279.67
101.71
254.75
282.55
99.13
300.53
86.46
-1
56.07
-1
235.61
-1
291.5
-1
246.86
-1
53.18
-1
-1
72.84
42.66
256.26
250.04
287.34
324.31
106.23
-1
-1
274.83
-1
259.15
-1
300.44
76.53
-1
252.49
-1
-1
-1
106.22
36.15
232.47
19.61
116.2
-1
78.34
259.36
-1
-1
-1
262.92
124.21
-1
-1
265.36
82.46
-1
58.67
92.7
274.34
245.41
-1
251.56
-1
-1
-1
283.09
229.01
299.69
99.26
-1
211.94
233.83
239.53
-1
63.31
295.28
-1
253.79
-1
261.23
-1
285.58
-1
-1
-1
81.23
-1
-1
-1
120.05
-1
-1
-1
70.44
273.94
39.41
-1
-1
253.91
-1
64.02
49.41
-1
262.27
246.87
36.13
255.06
70.31
275.9
283.5
252.1
-1
72.6
-1
-1
229.33
259.09
36.24
-1
-1
-1
-1
270.49
298.76
94.44
-1
46.97
281.73
223.99
-1
238.3
-1
49.74
-1
-1
267.29
60
-1
-1
-1
235.21
288.18
62.82
-1
39.67
-1
-1
266.06
46.18
67.68
255.3
258.13
285.83
269.7
60.84
94.94
296.49
65.48
-1
286.68
59.39
72.21
-1
230.02
-1
25.9
77.21
269.71
40.51
78.64
294.82
-1
291.79
262.58
134.82
-1
289.08
224.21
69.42
287.6
282.48
-1
-1
107.34
295.42
323.38
79.44
132.6
-1
-1
300.86
34.61
-1
288.36
-1
59.87
-1
292.04
80.66
80.8
-1
74.52
89.75
-1
-1
39.35
-1
74.57
68.49
-1
-1
245.38
-1
-1
242.01
73.67
-1
51.32
18.64
-1
-1
-1
-1
57.23
91.62
266.15
296.22
237.07
48.94
-1
-1
267.38
264.01
58.22
37.55
256.39
-1
68.36
-1
-1
281.85
259.23
-1
63.46
-1
75.19
126.8
63.98
-1
-1
321.41
-1
-1
-1
262.62
247.81
107.99
232.71
49.29
236.65
233.18
-1
-1
-1
115.89
284.87
57.23
300.84
80.07
62.97
287.92
96.14
-1
260.13
-1
-1
215.04
295.67
43.51
-1
-1
265.93
105.7
-1
80.32
293.36
245.25
274.94
-1
69.33
-1
-1
71.72
236.33
49.22
284.38
36.06
272.64
-1
-1
78.54
-1
-1
295.23
-1
76.11
68.38
-1
-1
76.2
-1
46.39
-1
235.74
56.8
262.72
-1
-1
-1
-1
-1
-1
77.13
-1
82.65
-1
-1
273.66
57.01
69.39
-1
116.32
42.59
256.83
272.09
-1
-1
61.12
20.95
52.77
239.21
57.23
50.05
236.84
247.48
100.92
35.72
-1
-1
-1
251.28
-1
69.69
94.87
83.22
49.34
89.82
253
-1
38.6
-1
86.03
278.43
-1
-1
292.06
-1
275.33
-1
-1
277.91
268.21
-1
52.02
-1
306.17
292.97
-1
59.09
37.31
-1
76.96
-1
35.33
-1
298.8
48.87
59.27
306.75
-1
-1
49.46
278.01
-1
-1
261.92
250.78
206.27
-1
-1
296.78
255.27
259.67
55.66
277.87
-1
226.77
-1
-1
203.98
95.88
90.03
-1
301.66
37.43
-1
-1
45
82.27
-1
-1
-1
250.18
-1
284.2
62.01
76.07
42.08
259.83
210.91
240.76
93.94
246.91
93.94
232.68
103.86
-1
30.26
39.31
73.1
85.4
283.88
75.95
-1
63.39
258.19
85.6
293.67
261.23
79.75
-1
89.82
252.11
287.18
296.94
93.44
257.84
239.11
-1
-1
298.15
79.32
77.05
97.07
-1
-1
283.89
75.87
-1
-1
239.6
-1
89.77
60.29
236.98
228.23
244.13
55.17
255.95
83.3
-1
80.79
-1
84.98
-1
62.86
295.52
71.89
-1
301.67
58.87
-1
299.61
294.09
251.17
230.26
-1
-1
102.36
66.9
76.22
215.81
245.07
-1
-1
-1
-1
80.5
32.36
-1
-1
287.62
273.28
91.73
306.35
-1
232.33
42.99
64.2
-1
220.42
271.18
-1
256.89
-1
-1
70.38
-1
291.31
-1
293.55
-1
319.08
97.47
-1
63.6
115.01
86.06
-1
-1
-1
276.08
55.02
48.73
-1
259.1
-1
243.07
-1
264.27
232.46
264.86
102.77
-1
-1
78.93
-1
95.06
292.28
50.65
-1
-1
50.22
234.66
259.97
-1
-1
-1
250.95
256.99
61.67
282.03
332.13
-1
94.64
107.92
240.98
286.63
227.74
-1
-1
44.42
288
52.51
45.77
304.91
93.94
34.02
267.54
47.39
-1
289.4
288.87
69.35
104.66
206.71
294.51
289.92
-1
-1
240.15
-1
52.28
-1
-1
53.1
340.98
-1
-1
-1
-1
-1
-1
49.55
-1
54.46
-1
-1
-1
115.88
273.94
339.96
276.36
254.75
59.93
-1
282.23
-1
-1
293.9
213.6
-1
-1
-1
-1
294.21
-1
-1
149.84
-1
107.48
291.12
-1
-1
-1
-1
-1
261.59
48.54
233.71
-1
229.81
56.03
230.12
52.88
56.12
303.91
222.07
93.94
-1
-1
269.7
73.44
306.58
70.42
282.84
-1
246.57
261.23
68.68
-1
250.1
304.35
-1
-1
-1
66.41
-1
292.82
287.92
93.65
-1
-1
-1
-1
-1
81.74
60.95
226.01
-1
260.18
62.51
-1
79.27
-1
53.38
84.9
255.63
268.29
254.57
-1
287.35
124.5
93.79
42.52
292.68
-1
-1
228.65
258.01
49.36
78.64
84.92
-1
-1
100.8
-1
-1
61.46
114.7
68.8
86.06
197.1
60.13
-1
237.74
270.84
282.36
302.14
269.7
276.87
75.34
-1
-1
57.71
88.27
-1
65.43
278.46
79.67
204.66
256.22
300.77
269.7
213.2
-1
65.31
268.32
251.4
-1
-1
48.38
107.02
-1
240.39
249.31
240.98
-1
-1
278.25
-1
258.5
111.08
-1
260.15
-1
257.45
101.79
98.23
-1
80.38
49.84
244.63
76.2
257.15
-1
-1
299.66
283.36
245.43
70.33
228.01
-1
-1
270.23
96.3
-1
273.23
80.07
278.5
290.41
257.99
54.45
258.65
-1
251.4
231.91
80.9
-1
42.95
274.26
57.19
-1
-1
297.33
78.11
-1
255.08
78
241.74
51.09
43.01
-1
-1
235.58
244.13
251.95
290.81
101.18
-1
-1
-1
59.81
-1
118.5
59.37
73.49
86.45
-1
306.38
296.15
-1
246.57
-1
-1
59.95
277.95
228.17
-1
244.14
77.34
-1
-1
302.82
83.11
232.35
249.96
292.55
-1
220.92
-1
-1
-1
-1
234.89
-1
290.15
111.85
71.27
282.54
247.22
68.02
79.62
96.27
-1
207.14
47.57
101.6
-1
254.06
249.27
113.53
-1
-1
-1
240.32
74.51
231.08
93.79
-1
301.38
-1
-1
77.19
40.47
274.93
-1
-1
284.53
-1
-1
-1
77.23
118.84
89.77
268.65
244.9
77.07
59.34
276
271.09
123.17
-1
276.71
244.13
60.82
116.65
-1
260.61
41.75
-1
55.08
234.36
261.67
225.92
-1
78.94
230.58
-1
-1
59.95
240.53
-1
-1
-1
106.59
103.7
63.81
-1
-1
270.84
107.98
239.62
-1
113.51
246.25
235.16
-1
101.99
-1
107.71
-1
66.2
299.97
93.94
-1
315.35
254.64
207.88
274.43
-1
241.51
69.41
281.61
279.34
41.99
111.34
63.99
75.84
-1
-1
48.55
224.71
-1
-1
83.39
-1
89.38
282.35
105.08
84.02
244.84
-1
-1
281.76
73.33
40.36
-1
78.88
219.14
-1
104.91
-1
271.88
302.38
-1
-1
-1
283.51
90.75
-1
217.01
-1
-1
-1
-1
-1
240.18
-1
298.08
-1
246.61
-1
68.14
249.67
-1
291.23
230.95
315.83
288.45
-1
106.32
125.94
298.97
-1
232.95
100.49
278.05
255.86
265.91
279.35
258.13
-1
69.06
57.96
255.31
93.94
45.09
242.76
287.79
-1
127.41
287.13
305.37
-1
-1
35.01
-1
69.71
49.28
-1
-1
290.65
-1
-1
72.3
284.69
75.67
-1
-1
31.72
-1
257.53
42.08
242.89
28.19
42.39
-1
63.1
-1
-1
55.19
-1
80.08
224.46
305.19
-1
73.97
80.96
248.56
36.56
69.64
284.48
68.74
245.31
-1
94.44
61.17
-1
-1
62.54
275.9
256.22
-1
295.12
63.79
-1
59.7
-1
279.19
-1
98
110.84
225.14
41.58
229.78
291.8
272.05
282.25
43.02
58.94
-1
-1
260.18
291.53
65.91
-1
297.82
65.84
61.01
258.88
-1
-1
-1
247.56
-1
78.25
95.7
-1
112.26
-1
-1
104.44
39.14
-1
278.44
-1
294.79
291.4
73.14
57.99
46.55
243.07
72.29
-1
78.3
77.63
-1
85.56
47.81
-1
293.99
-1
50.56
244.13
46.18
49
256.16
256.42
-1
-1
76.25
38.8
255.65
-1
109.36
-1
227.86
295.7
35.05
289.28
-1
-1
225.38
-1
-1
89.74
60.51
-1
285.15
110.66
-1
289.38
254.9
278.57
95.05
-1
258.43
258.24
-1
249.12
-1
54.04
-1
-1
-1
265.96
285.13
-1
229.05
-1
303.26
-1
55.25
289.62
84.66
37.67
58.64
-1
-1
-1
-1
257.94
-1
-1
299.35
293.37
294.15
-1
76.45
59.57
42.47
296.75
30.26
34.79
102.84
-1
-1
45.18
258.8
26.85
47.94
-1
291.49
287.06
-1
-1
335.07
19.04
43.73
65.07
85.6
284.89
-1
279.55
-1
238.86
282.28
106.71
-1
281.06
292.86
-1
71.09
291.24
49.02
49.68
-1
-1
279.82
30.37
-1
303.43
79.11
-1
269.78
-1
269.1
246.45
49.13
237.2
356.57
307.29
248.93
-1
-1
111.24
-1
243.47
233.18
-1
93.94
-1
304.31
263.51
-1
-1
263.99
294.36
276.13
225.91
56.41
-1
304.85
253.88
297.36
-1
242.52
225.08
269.78
123.82
298.67
288.47
281.02
-1
261.01
-1
-1
-1
281.58
43.63
58.25
250.09
255.72
76.34
45.08
100.72
-1
263.05
251.91
98.31
-1
-1
292.66
-1
86.64
302.22
-1
121.39
236.88
-1
214.93
231.82
264.05
-1
273.28
49.3
289.88
54.35
267.79
89.68
44.12
260.99
300.86
-1
8.82
51.03
-1
264.72
72.02
-1
-1
106.4
-1
295.19
-1
64.03
-1
265.69
266.43
-1
-1
298.59
230.01
-1
-1
298.67
-1
-1
53.48
44.06
58.65
267.96
41.26
-1
239.99
246.07
95.81
-1
274.54
104.92
-1
296.64
294.04
269.78
41.81
-1
87.19
293.96
68.89
-1
-1
-1
94.46
-1
-1
288
273.28
-1
277.75
273.68
-1
-1
219.72
279.85
-1
66.39
308.57
60.98
-1
-1
-1
55.29
-1
-1
79.27
71.01
183.58
-1
-1
259.4
59.44
100.22
-1
-1
54.26
45.37
-1
11.4
49.14
-1
50.05
-1
262.73
-1
285.44
-1
-1
-1
86.06
-1
-1
-1
-1
82.14
270.69
265.36
277.35
253.81
-1
246.48
55.38
-1
-1
303.63
240.38
-1
42.39
85.74
-1
283.83
282.94
228.12
-1
-1
-1
28.6
-1
238.11
284.12
232.18
77.01
-1
273.53
263.48
237.41
282.58
258.91
59.7
280.76
-1
238.48
82.33
251.47
72.24
259.74
67.24
113.26
-1
279.94
242.31
292.75
-1
69.98
101.36
267.96
-1
58.97
240.91
17.13
-1
-1
255.67
-1
282.96
259.75
283.48
298.67
244.71
-1
266.05
248
289.38
-1
36.31
-1
255.01
70.9
280.69
74.39
304.97
55.26
-1
59.93
-1
-1
74.25
234.39
76.83
75.84
-1
304.3
58.73
253.17
-1
221.44
263.52
224.88
303.23
291.24
-1
226.96
301.26
77.76
58.19
260.36
340.95
110.92
273.66
284.63
64.4
-1
-1
-1
254.12
-1
55.39
-1
61.02
249.78
-1
272.31
281.81
60.12
-1
212.99
-1
60.76
49.01
267.12
277.27
241.35
26.5
64.09
129.53
285.16
-1
38.05
-1
247.96
-1
291.8
77.16
80.57
-1
77.18
-1
260.92
48.71
261.76
247.48
301.72
54.36
65.86
299.63
58.1
288.43
-1
299.8
244.98
59.62
-1
-1
230.05
299.95
-1
226.08
95.94
236.64
-1
300.97
82.06
285.32
231.65
-1
281.96
227.71
256.22
241.82
-1
50.73
-1
254.17
270.3
285.28
-1
249.78
-1
-1
222.45
-1
-1
325.7
-1
-1
-1
228.69
-1
261.67
273.94
268.49
282
86.57
-1
277.83
-1
267.34
222.81
72.45
-1
-1
278.8
269.7
-1
288.5
275.37
-1
298.4
264.72
-1
274.26
53.64
88.29
-1
52.39
-1
273.13
252.98
114.4
232.77
-1
-1
61.38
44
244.48
260.35
239.22
43.33
-1
231.2
300.73
-1
-1
-1
-1
-1
47.79
297.68
-1
59.64
69.22
277.4
-1
297.3
-1
-1
51.43
33.33
-1
277.08
301.85
281.32
255.03
-1
58.16
67.71
-1
278.07
294.19
119.82
121.72
75.67
280.41
75.65
65.1
-1
64.07
283.12
-1
244.71
-1
-1
292.61
-1
-1
93.42
24.16
258.93
-1
46.99
258.92
305.27
-1
-1
-1
-1
325
-1
-1
-1
66.85
280.82
265.22
-1
99.32
90.28
-1
-1
-1
65.59
282.5
93.94
76.97
290.97
240.03
-1
-1
278.33
241.26
-1
96.41
90.96
74.74
40.88
225.58
77.06
117.16
244.13
247.09
287.59
-1
-1
-1
221.35
-1
232.19
-1
-1
104.68
297.91
-1
242.88
-1
61.35
-1
47.5
-1
-1
240.93
61.54
242.7
97.88
253.93
-1
267.14
-1
-1
-1
-1
289.85
50.93
68.67
47.87
-1
19.01
99.94
-1
283.92
49.58
34.91
106.21
288.1
-1
-1
42.94
24.49
288.07
-1
61.11
-1
-1
66.56
251.5
271.9
-1
-1
-1
304.07
254.47
-1
82.2
119.52
-1
-1
250.51
241.2
-1
86.06
-1
104.79
62.61
299.39
252.14
94.14
-1
-1
-1
-1
-1
-1
110.83
268.75
109.75
241.22
231.01
-1
36.79
33.14
293.16
254.89
40.22
-1
-1
257.63
-1
-1
262.79
-1
271.92
-1
55.86
-1
-1
-1
237.69
-1
-1
-1
230.56
257.6
-1
41.5
35.42
60.9
284.45
46.05
-1
85.22
-1
290.42
273.42
232.47
59.78
-1
81.74
76.28
289.74
301.37
90.42
251.44
30.25
-1
233.98
309.68
305.53
250.97
-1
26.82
237.21
-1
248.15
-1
61.17
-1
289.15
280.09
-1
-1
267.3
55.55
-1
-1
300.24
254.77
-1
-1
48.01
34.78
-1
256.94
-1
302.91
39.05
53.67
227.83
79.4
97.11
51.21
248.81
290.93
260.46
245.66
-1
-1
-1
-1
-1
65.32
78.15
-1
69.06
282.03
98.43
-1
282.07
47.27
218.28
-1
265.2
-1
230.02
-1
292.19
70.03
-1
257.43
199.97
-1
276.4
262.84
71.65
-1
276.2
-1
294.66
293.25
293.05
255.71
-1
282.64
91.83
-1
296.93
81.85
251.74
-1
291.89
-1
266.51
93.75
244.13
279.63
230.42
-1
-1
270.27
-1
304.08
77.43
114.69
-1
232.47
264.87
42.44
-1
293.22
81.47
231.65
48.28
-1
-1
-1
65.76
-1
57.29
272.56
60.1
67.42
-1
256.14
-1
-1
260.21
274.85
-1
-1
-1
59.15
232.08
278.39
-1
246.33
232.71
79.52
47.56
-1
287.93
75.86
70.02
274.08
-1
92.04
49.2
-1
60.88
232.71
246.04
54.27
216.91
31.4
-1
258.93
-1
-1
-1
63.89
309.47
252.48
252.82
51.72
-1
52.82
280.17
-1
-1
38.33
50.33
124.48
-1
91.93
57.83
69.78
-1
262.75
83.75
282.51
54.63
51.78
-1
263.66
301.14
-1
264.72
248.02
-1
255.89
282.65
263.95
234.06
277.05
221.41
233.45
-1
240.71
263.44
48.15
235.01
251.13
94.38
248.41
237.31
74.06
36.16
-1
63.82
61
-1
-1
-1
-1
-1
-1
248.78
275.59
-1
256.07
-1
227.01
265.13
65.95
269.03
76.92
-1
282.66
306.81
239.24
230.22
-1
282.55
51.17
283.88
253.55
256.06
-1
251.35
280.76
109.35
249.3
255.52
99.6
-1
295.08
289.53
43.55
-1
104.79
273.94
291.06
69.36
60.8
47.66
230.09
245.48
-1
67.73
249.79
34.39
48.66
128.91
28.89
-1
105.49
86.27
282.71
20.2
244.13
-1
290.08
276.29
259.06
231.8
256.22
-1
85.91
-1
43.35
-1
-1
272.25
-1
112.44
55.23
57.55
-1
-1
86.06
87.55
70.81
61.01
298.23
-1
-1
301.73
-1
-1
-1
-1
222.96
-1
289.25
205.57
279.43
-1
-1
80.15
191.74
-1
57.22
-1
278.28
34.25
34.04
-1
-1
280.05
-1
-1
-1
76.01
-1
129.12
-1
243.2
267.87
71.12
-1
55.47
60.09
256.81
277.79
259.99
-1
103.89
-1
-1
79.82
-1
-1
278.82
93.94
-1
266.41
-1
291.74
229.07
-1
61.54
306.19
250.1
-1
246.56
70.68
73.72
-1
287.25
297.56
-1
78.7
262.08
259.32
-1
69.08
63.52
201.64
53.18
-1
54.79
-1
238.12
-1
71.05
257.99
255.92
73.5
281.53
60.85
73.92
283.07
261.05
284.24
246.67
79.61
-1
51.23
260.13
-1
277.74
-1
-1
257.23
73.01
264.48
240.63
279.65
79.09
-1
245.26
-1
234.54
274.27
93.42
42.33
82.86
-1
279.57
284.27
-1
108.75
-1
33.62
103.18
251.59
58.72
122.22
-1
106.16
291.63
296.32
263.72
283.11
95.08
51.21
298.44
79.81
278.36
-1
83.72
243.51
104.79
136
73.97
100.49
123.08
-1
228.89
74.17
-1
218.58
294.11
29.95
307.37
-1
264.72
29.33
48.54
84.71
245.13
-1
238.62
64.09
281.42
70.8
289.14
-1
-1
-1
-1
-1
275.13
239.16
292.33
45.69
241.02
97.79
263.76
219.73
111.87
275.73
290.42
244.36
-1
271.18
49.2
277.84
47.94
249.54
241.35
79.94
-1
47.2
29.54
-1
288.69
-1
-1
130.47
-1
115.5
105.73
225.5
248.54
47.44
118.66
-1
28.09
293.8
63.97
59.23
81.64
260.86
256.75
-1
257.31
273.3
280.15
279.11
-1
-1
49.58
283.58
156.71
-1
130.13
-1
292.71
-1
301.4
57.68
-1
91.22
300.93
49.04
255.62
69.92
292.34
215.55
283.14
-1
250.83
267.17
262.82
66.91
77.46
-1
-1
89.68
288.58
75.31
214.42
104
281.45
-1
247.66
80.96
270.84
49.28
47.85
-1
-1
74.71
-1
-1
-1
231.8
33.7
288
-1
-1
-1
-1
249.99
56.65
248.45
29.44
-1
-1
-1
271.07
-1
267.02
-1
57.7
-1
-1
75.86
55.43
256.59
53.04
-1
274.31
-1
254.57
285.37
-1
69.07
263.63
243.19
78.44
89.73
64.79
101.72
-1
232.71
266.06
265.36
-1
23.16
-1
70.71
-1
53.7
253.39
266.06
87.19
242.29
267.15
-1
-1
62.14
242.62
295.81
-1
77.52
-1
-1
278.26
231.25
73.24
-1
-1
23.63
55
-1
293.57
287.26
161.21
87.96
-1
267.11
-1
-1
260.5
-1
91.16
300.21
272.82
256.66
211.8
89.72
258.44
300.32
-1
281.75
85.56
270.19
272.34
280.48
43.1
60.68
-1
64.13
-1
48.49
-1
259.06
274.2
-1
-1
62.5
290.25
-1
-1
68.6
-1
255.13
110.61
303.76
257.8
-1
267.51
-1
237.71
288.39
237.88
273.25
-1
128.15
-1
347.98
-1
307.59
287.32
-1
-1
-1
292.43
64.21
-1
256.23
242.59
-1
98.93
278.55
252.05
75.93
-1
57.8
259.45
118.4
-1
41.33
89.72
-1
-1
80.89
97.02
254.38
-1
4.09
259.79
100.57
-1
60.27
47.63
-1
30.59
97.61
-1
101.06
90.32
113.98
237.94
262.05
247.24
239.78
-1
292.86
41.84
260.09
-1
-1
-1
86.61
-1
27.67
-1
-1
272.49
264.6
287.47
289.22
231.58
265.57
45.17
-1
-1
103.51
-1
-1
-1
252.27
78.22
-1
249.93
-1
66.92
49.25
-1
273.94
-1
-1
-1
102.15
311.17
-1
53.86
253.26
236.4
220.92
285.29
81.76
66.68
62.81
-1
56.71
94.64
-1
-1
-1
29.69
62.85
-1
-1
-1
41.19
255.93
264.72
94.09
68.58
74.5
-1
-1
-1
62.88
285.29
293.99
-1
272.22
247.46
231.8
263.3
265.07
50.66
282.23
232.51
-1
282.09
-1
285.88
242.29
62.81
59.98
68.03
-1
274.85
233.92
-1
274.29
-1
92.22
-1
225.65
-1
274.29
-1
-1
76.49
53.79
73.23
-1
-1
45.02
-1
267.7
303.76
59.07
252.66
288.3
40
101.08
294.01
-1
253.99
-1
297.23
255.05
52.2
230.53
-1
-1
-1
257.64
304.79
-1
-1
-1
-1
-1
65.21
127.72
296.97
284.73
211.3
60.83
17.18
48.31
78.11
90.28
-1
-1
271.58
-1
-1
206.16
60.07
49.04
107.95
231.41
-1
170.44
284
-1
72.38
-1
284.66
284.69
-1
241.98
252.22
42.13
261.76
112.04
262.93
283.28
255.8
-1
-1
260.71
-1
-1
247.46
95.15
85.36
218.14
77.93
100.21
-1
64.11
93.94
280.22
39.2
-1
256.27
56.69
249.82
65.15
289.04
240.98
81.73
108.75
54.62
-1
267.46
-1
285.35
258.94
42.92
-1
88.59
-1
258.27
-1
249.31
-1
58.75
-1
100.9
-1
-1
-1
275.27
89.72
-1
-1
-1
-1
-1
-1
291.64
-1
225.81
300.92
-1
-1
-1
110.06
312.36
-1
35.75
-1
-1
281.65
-1
-1
-1
-1
-1
289.31
303.43
238.59
-1
-1
44.58
302.02
218.27
76.5
262.11
46.01
244
-1
231.65
-1
89.2
-1
275.27
223.65
238.29
292.76
-1
-1
90.28
-1
73.88
290.94
50.6
238.05
-1
107.65
69.49
105.88
-1
-1
239.89
48.79
83.72
-1
217.73
275.39
-1
80.55
108.25
114.69
108.03
-1
103.8
-1
-1
154.14
120.68
-1
-1
-1
-1
259.6
50.44
-1
62.76
246.52
106.32
-1
-1
260.08
245.15
49.84
73.55
280.61
-1
-1
-1
-1
-1
-1
-1
35.1
-1
280.96
73.67
-1
-1
-1
63.65
67.36
108.74
102.27
45.58
-1
-1
302.83
-1
272.34
-1
282.77
269.71
-1
93.94
292.94
85.77
-1
86.58
86.44
240.9
76.97
300.88
-1
37.1
286.97
-1
202.9
-1
-1
274.72
55.83
274.57
-1
299.08
264.72
52.28
83.84
-1
62.43
-1
255.38
67.53
-1
115.47
252.65
288.44
-1
260.18
194.15
-1
22.97
71.13
-1
255.15
-1
-1
-1
-1
273.79
-1
-1
74.36
105.85
-1
-1
181.17
253.45
37.05
93.94
241.36
71.52
-1
78.52
252.87
52.4
-1
-1
-1
97.23
-1
-1
-1
65.94
102.31
-1
46.12
58.63
263.81
-1
53.89
-1
-1
120.75
241.01
287.35
185.99
-1
69.51
-1
250.75
54.06
257.72
-1
-1
-1
-1
214.82
39.96
236.5
80.07
33.86
69.63
104.59
-1
46.25
177.98
-1
73.41
234.36
-1
251.4
-1
223.97
-1
66.98
-1
-1
289.01
175.67
57.88
85.36
115.28
50.53
-1
356.8
34.55
110.34
103.82
59.5
93.9
268.34
-1
256.14
90.46
-1
76.05
255.47
114.43
255.74
106.7
45.24
66.16
24.5
-1
-1
-1
335.12
251.61
70.52
264.98
288.21
56.47
265.74
-1
231.81
257.82
49.34
-1
27.34
240.7
242.85
183.72
74.05
-1
291.95
279.45
55.65
118.48
247.65
81.07
283.51
-1
-1
51.28
277.58
-1
-1
-1
78.02
81.23
254.38
-1
-1
269.13
-1
241.43
-1
-1
48.79
83.27
50.31
-1
-1
68.93
108.81
-1
254.29
37.36
256.86
-1
-1
120.4
287.77
209.17
262.31
297.67
-1
116.91
51.43
-1
-1
257.08
293.87
-1
-1
-1
14.98
277.42
264.55
72.81
-1
60.35
77.11
-1
244.11
284.69
262.39
226.71
-1
-1
-1
61.6
-1
82.44
245.44
-1
262.33
-1
236.57
298
-1
47.74
27.13
272.16
-1
250.21
-1
285.26
59.2
74.98
70.68
-1
282.96
-1
302.27
86.06
39.43
257.95
291.35
304.38
20.77
257.5
-1
-1
73.29
285.41
-1
-1
273.79
-1
77.41
292.91
-1
-1
241.27
284.17
-1
89.7
-1
300
-1
229.88
239.21
269.69
51.2
244.62
49.57
-1
93.91
77.76
65.51
239.01
260.07
118.63
-1
34.17
-1
269.22
227.09
118.74
-1
-1
96.58
99.82
57.6
295.21
90.29
-1
75.99
219.84
80.33
115.84
61.57
309.16
-1
215.77
63.29
-1
294.81
-1
290.05
-1
44.45
138.69
-1
74.61
61.3
76.89
53.45
62.46
-1
-1
74.73
-1
-1
232.42
291.17
-1
233.73
-1
280.73
-1
273.94
203.38
87.96
255.75
260.07
60.19
-1
258.21
-1
-1
54.95
229.66
264.72
84.05
52.26
-1
299.77
233.05
310.83
56.48
269.3
-1
-1
61.57
-1
59.52
258.09
253.05
282.97
-1
-1
70.32
-1
237.38
-1
65.92
242.86
294.82
125.66
-1
49.95
107.18
42.46
-1
-1
-1
-1
-1
86.59
73.66
-1
-1
-1
93.53
243.8
-1
87.58
108.57
116.1
297.33
-1
37.06
262.92
-1
108.21
256.99
49.47
54.29
291.43
299.92
86.34
-1
283.37
283.6
285.89
-1
-1
122.08
270.3
-1
-1
307.39
284.17
-1
53.32
70.22
65.85
-1
50.57
50.53
-1
-1
78.48
-1
271.82
74.01
-1
106.79
297.78
28.32
48.07
-1
300.73
79.48
89.09
236.68
74.63
54.39
56.92
-1
250.66
286.85
286.43
54.66
25.5
55.87
62.43
59.4
256.56
108.71
-1
-1
310.85
-1
-1
-1
-1
232.98
279.46
-1
72.06
44.62
278.15
81.59
-1
272.11
-1
-1
-1
69.16
-1
122.23
287.6
75.69
79.09
-1
-1
268.91
281.9
276.34
-1
250.41
282.76
-1
257.6
285.11
-1
-1
225.09
-1
-1
-1
284.17
-1
-1
89.72
-1
-1
290.37
72.97
216.13
27.27
-1
-1
217.81
-1
66.81
277.1
-1
-1
111.36
234.69
282.97
285.75
-1
70.81
268.98
-1
281.67
275.4
289.01
62.05
96.87
-1
282.8
237.37
-1
68.36
-1
238.74
262
244.14
90.26
51.84
-1
23.67
-1
47.39
93.94
32.95
282.91
266.47
248.19
-1
-1
-1
99.09
258.06
-1
225.78
233.18
92.05
-1
-1
48.06
213.22
246.72
276.98
-1
296.87
247.62
-1
72.47
241.63
-1
292.76
-1
-1
259.12
-1
-1
-1
-1
31.99
-1
-1
-1
79.85
219.61
223.55
231.63
63.76
-1
111.2
52.16
233.25
250.41
238.96
48.49
282.11
83.09
45.54
113.14
186.94
-1
273.53
211.68
43.71
297.22
47.51
259.09
64.21
-1
124.74
42.39
-1
288.4
-1
-1
43.06
310.3
250.28
-1
255.99
256.43
-1
-1
289.75
263.21
283.39
264.52
-1
233.18
-1
-1
276.27
238.44
52.02
289.39
81.5
-1
122.49
-1
-1
278.77
-1
-1
-1
-1
-1
343.22
57.82
86.21
246.46
-1
315.8
-1
-1
-1
278.05
-1
66.52
-1
-1
-1
214.4
-1
245.42
72.49
87.91
-1
98.94
279.93
-1
304.97
302.97
254.4
-1
-1
78.02
23.89
-1
114.55
-1
81.93
-1
65.64
231.8
-1
259.75
-1
-1
305.66
273.33
55.66
263.21
282.14
60.22
52.21
-1
273.94
82.53
-1
98.74
-1
50.56
247.48
232.7
255.94
284.18
258.45
-1
102.04
53.09
288.45
-1
-1
-1
-1
36.15
-1
283.48
264.72
302.42
289.25
54.36
-1
-1
242.18
94.08
72.09
288.9
259.12
254.74
300.78
-1
70.04
212.09
58.09
247.3
-1
48.53
-1
285.46
82.03
-1
256.35
-1
298.19
-1
249.7
291.65
-1
-1
248.37
235.16
100.69
-1
-1
43.01
263.12
-1
259.02
234.36
-1
79.09
240.84
78.11
42.39
301.36
189.84
33.2
57.84
-1
34.68
-1
-1
70.62
54.7
-1
291.59
-1
280.91
-1
295.87
-1
-1
56.17
-1
-1
77.2
80.04
-1
-1
-1
284.79
-1
264.58
-1
239.81
253.76
-1
65.56
-1
259.89
53.28
-1
62.96
-1
66.92
35.08
97.14
-1
-1
65.65
202.97
-1
-1
-1
-1
123.64
301.22
264.92
244.27
-1
-1
-1
78.85
37.93
-1
77.19
57.62
-1
-1
65.19
54.7
46.75
-1
255.65
-1
81.24
269.92
253.23
75.97
-1
93.94
-1
-1
-1
71.71
94.73
241.35
49.98
72.15
295.86
248.8
-1
33.83
62.8
-1
76.03
290.43
231.85
-1
-1
300.02
45.35
56.16
116.05
61.07
62.17
257.92
84.08
213.04
264.72
-1
-1
-1
256.01
-1
111.51
-1
245.88
273.79
237.09
27.56
261.11
286.77
-1
290.43
304.3
43.36
94.97
269.69
275.57
287.99
-1
48.91
217.84
49.43
273.94
-1
213.14
50.88
262.92
125.74
218.78
68.33
250.33
-1
-1
48.86
77.85
292.14
-1
278.9
52.44
-1
-1
217.99
79.88
-1
273.94
-1
-1
-1
-1
-1
295.82
-1
-1
40.04
48.28
43.73
72.1
-1
264.07
274.2
290.68
256.14
53.18
-1
233.63
245.95
258.97
36.93
-1
-1
-1
259.15
-1
60.36
239.19
51.12
-1
-1
293.71
74.96
304.53
70.23
73.31
273.42
235.4
334.79
70.1
71.92
240.83
2.38
-1
37.05
280.35
51.64
47.76
40.97
48.69
87.68
79.11
276.55
80.67
-1
54.65
-1
93.94
-1
248.34
-1
100.09
-1
290.14
124.16
233.21
47.72
75.54
-1
-1
-1
-1
117.02
67.74
95
240.21
95.77
230.01
66.42
221.78
48.01
51.97
53.02
89.72
307.43
-1
63.76
97.73
-1
-1
62.97
230.46
282.69
-1
276.5
-1
273.44
-1
-1
63.44
222.07
-1
242.08
289.16
-1
62.22
59.2
93.94
261.88
-1
-1
46.53
288.35
-1
273.42
273.94
72.16
-1
-1
-1
216.57
42.73
38.7
-1
231.65
282.9
288.89
-1
-1
220.22
-1
-1
-1
48.62
100.52
-1
247.57
74.9
100.47
108.17
61.6
-1
101.5
-1
76.06
258.94
-1
31.42
-1
283.07
-1
-1
232.77
260.06
242.3
271.13
67.35
254.49
296.59
239.81
73.16
246.48
287.95
273.84
18.64
-1
-1
300.7
114.88
251.4
237.54
31.38
-1
-1
-1
-1
-1
79.01
99.74
277.64
78.32
-1
-1
222.68
243.36
-1
222.42
233.6
-1
-1
41.06
265.49
299.86
46.69
296.67
250.74
68.45
-1
74.23
257.98
-1
68.47
64.31
38.89
190.82
-1
306.16
102.32
89.11
-1
-1
30.95
58.03
63.04
43.65
180.25
43.98
264.94
-1
-1
278.45
39.69
243.76
-1
309.93
96.16
33.46
276.25
228.31
72.82
-1
249.25
-1
-1
293.83
259.74
46
284.9
309.82
98.36
200.98
-1
88.09
54.36
43.64
66.69
62.22
-1
289.51
270.79
63.54
237.78
229.41
89.72
-1
255.59
-1
-1
-1
253.7
268.06
36.02
297.97
-1
243.47
33.98
59.77
289.15
282.45
100.34
-1
-1
-1
56.71
-1
-1
-1
53.06
122.71
121.41
75.78
43.8
80.5
112.93
63.1
296.65
-1
85.81
-1
101.81
77.59
277.38
81.49
-1
78.4
-1
-1
-1
257.6
-1
26.85
231.14
70.22
-1
-1
90.28
-1
51.83
-1
288.37
-1
344.25
287.44
82.39
-1
300.6
-1
-1
251.41
260.16
-1
263.1
-1
-1
100.15
287.63
259.98
38.34
-1
299.36
243.71
43.74
206.61
-1
102.42
-1
16.48
-1
-1
241.64
-1
77.14
-1
232.52
233.35
-1
292.67
240.97
230.17
69.35
-1
-1
56.18
74.61
113.26
89.72
87.67
209.04
-1
278.21
104.08
-1
281.64
47.97
-1
79.81
270.87
-1
-1
54.92
67.28
254.67
-1
280.88
-1
289.64
227.12
294.6
69.36
85.36
41.74
59.51
-1
41.35
130.27
-1
255.37
246.13
296.05
295.44
100.25
278.16
70.39
-1
-1
247.66
250.75
-1
255.5
129.09
303.78
258.66
57.72
300.44
125.08
-1
93.66
269.33
329.21
-1
86.06
70.39
70.01
286.63
-1
264.69
303.49
64.79
273.42
49.19
254.25
232.98
80.15
203.82
242.62
-1
-1
273.94
-1
51.13
262.09
-1
271.66
230.87
240.38
228.35
83.67
-1
210.14
-1
-1
90.28
-1
27.62
-1
282.52
-1
60.04
-1
70.27
80.03
301.99
41.6
-1
-1
-1
235.47
56.05
284.13
-1
-1
89.7
-1
-1
259.55
277.22
237.63
51
261.66
277.94
-1
-1
44.98
-1
239.58
50.49
92.34
-1
127.88
284.43
271.68
294.32
309.25
-1
249.01
-1
46.05
-1
-1
260.19
-1
-1
283.92
-1
271.91
-1
83.97
303.56
29.62
61.74
86.34
265.41
-1
22.4
49.59
-1
47.09
64.13
238.23
72.6
297.75
292.3
298.2
58.68
-1
213.48
25.56
64.13
65.38
290.52
-1
249.92
-1
-1
295.18
-1
27.99
284.54
59.38
263.43
251.81
-1
-1
284.51
94.63
152.28
-1
273.94
-1
-1
120.93
257.62
225.11
78.02
-1
27.6
-1
-1
67.72
-1
79.13
286.25
-1
-1
55.06
49.4
234.2
-1
-1
-1
-1
-1
-1
286.91
280.99
277.6
198.05
238.23
72.72
11.72
70.59
276.63
-1
-1
47.92
49.8
-1
-1
75.05
70.09
48.67
256.55
102.79
198.46
-1
261.23
95.35
-1
291.87
246.2
-1
81.64
300.96
-1
257.09
49.25
93.54
-1
-1
-1
-1
37.6
-1
-1
79.09
219.24
254.54
43.75
66.81
49.07
274.09
-1
233.77
-1
-1
-1
288.78
-1
34.67
261.89
-1
-1
-1
49.46
61.41
-1
-1
46.01
-1
-1
59.69
-1
-1
-1
114.12
288.52
284.62
264.72
-1
-1
71.63
272.64
279.06
52.32
272.22
84.92
53.18
-1
93.94
93.47
-1
274.7
-1
67.69
-1
27.02
-1
336.13
-1
-1
105.27
-1
76.78
282.27
-1
77.94
237.31
-1
112.53
293.89
-1
-1
-1
-1
-1
103.56
-1
79.71
317.34
-1
273.94
-1
255.24
-1
-1
208.89
47.28
79.69
52.81
237.29
205.78
-1
-1
-1
276.87
260.17
234.81
-1
95.38
59.64
-1
-1
262.81
289.26
280.18
263.67
-1
76.73
65.39
80.61
190.71
238.58
-1
-1
-1
57.13
-1
101.62
278.87
-1
288.58
-1
74.71
-1
223.71
260.4
222.41
287.27
44.11
-1
44.89
-1
-1
80.33
78.64
244.55
-1
54.26
283.16
-1
-1
251.61
269.44
238.83
-1
-1
267.23
221.2
-1
269.58
56.79
-1
245.86
-1
47.66
-1
126.87
-1
-1
257.02
268.86
-1
59.32
296.89
93.66
-1
280.36
65.19
282.97
307.37
227.26
283.57
72.22
83.87
258.91
68.3
-1
241.95
43.53
-1
273.56
-1
-1
285.49
-1
57.07
271.96
55.04
299.41
41.44
40.84
230.5
98.71
295.89
277.08
-1
55.57
48.15
85.59
-1
102.81
-1
86.39
-1
-1
-1
-1
-1
250.1
-1
95.13
82.84
286.62
-1
252.04
-1
-1
292.13
-1
278.91
257.09
-1
-1
-1
92.04
228.42
280.58
-1
-1
62.1
-1
65.11
262.27
-1
285.12
78.86
-1
241.44
311.01
95.3
73.2
-1
202.44
77.46
-1
-1
112.8
-1
294.8
-1
304.54
72.91
-1
78.49
-1
290.95
282.29
-1
273.53
94.47
192.46
52.91
235.18
253.85
248.62
-1
-1
282.03
-1
-1
268.84
-1
-1
60.05
-1
-1
259.11
41.27
-1
264.02
31.1
28.02
244.42
255.02
-1
56.75
273.94
-1
-1
-1
285.31
206.53
24.51
-1
265.74
41.56
49.5
250.24
286.9
251.64
82.75
-1
61.82
264.83
285.06
278.64
292.3
283.08
-1
288.07
-1
292.35
276.15
-1
274.65
219.87
-1
227.87
257.07
-1
-1
-1
255.58
280.74
-1
228.67
-1
77.58
260.52
245.61
30.52
40.04
-1
-1
-1
208.37
64.57
259.64
255.21
80.42
229.78
69.03
286.88
-1
63.12
235.74
-1
105.57
-1
-1
238.13
98.32
-1
-1
92.9
62.55
90.28
-1
284.55
64.13
-1
278.35
272.04
97.15
71.22
-1
58.56
-1
264.86
-1
-1
244.56
270.3
-1
-1
291.95
64.28
-1
77.54
74.88
88.81
255.47
-1
-1
277.41
-1
-1
256.56
-1
279.72
246.06
-1
232.96
-1
120.51
227.82
-1
-1
-1
-1
282.97
-1
-1
-1
239.91
274.69
240.74
94.26
50.39
247.25
-1
63.5
256.69
-1
88.31
-1
-1
119.97
83.09
-1
60.48
45.94
282.53
-1
-1
-1
94.86
-1
290.84
306.78
33.63
-1
-1
-1
-1
-1
-1
273.09
-1
248.63
84.92
253.09
-1
-1
-1
-1
-1
107.43
70
-1
185.03
-1
82.95
259.2
287.3
240.03
83.38
-1
-1
306.21
-1
299.07
59.92
297.79
115.82
292.53
-1
98.48
288.9
30
287.44
38.9
299.37
228.21
-1
-1
253.22
45.29
282.97
90.94
261.73
-1
-1
104.5
87.55
62.43
-1
-1
273.96
267.62
27.71
-1
-1
276.83
-1
258.11
74.72
257.17
234.36
-1
-1
-1
299.43
72.98
244.32
269.34
113
-1
-1
284.2
-1
249.25
133.41
273.03
252.94
-1
-1
45.61
275.49
-1
-1
49.1
302.03
-1
-1
-1
259.77
29.29
-1
-1
285.04
-1
98.12
-1
25.72
47.88
230.32
285.15
-1
101.79
240.92
306.79
-1
-1
291.18
286.15
52.13
-1
-1
-1
297.73
-1
-1
120.2
-1
272.34
69.69
300.28
40.46
-1
-1
33.28
309.13
275.98
-1
112.06
25.81
216.52
92.19
-1
34.9
232.9
-1
-1
-1
266.74
281.89
-1
63.47
-1
59.75
-1
104.15
69
48.85
270.52
-1
-1
-1
-1
259.21
233.18
351.92
-1
102.94
258.24
-1
97.48
-1
222.05
242.19
-1
32.8
-1
299.59
-1
119.02
284.15
294.82
41.39
39.67
-1
95.16
38.88
256.49
-1
277.16
257.06
241.19
279.56
258.37
-1
-1
272.16
-1
298.1
101.61
-1
-1
89.57
-1
-1
255.47
-1
285.21
316.39
49.07
61.36
286.36
63.61
-1
272.01
-1
114.94
280.06
280.68
261.41
65.96
291.43
-1
125.58
259.9
53.77
65.65
107.4
287.26
-1
-1
244.38
258.29
78.03
282.19
251.64
37.08
242.05
84.45
280.82
71.51
-1
73.09
57.48
188.35
276.27
73.63
-1
56.37
268.59
-1
-1
255.33
-1
255.43
-1
243.43
247.99
278.68
40.48
-1
-1
-1
267.04
-1
236.84
-1
234.77
-1
258.7
256.96
-1
243.67
257.5
108.39
220.94
250
-1
-1
-1
74.45
294.4
-1
-1
-1
31.71
-1
94.15
-1
254.6
289.59
233.63
-1
251.05
-1
-1
-1
-1
62.45
-1
33.31
254.35
241.93
76.68
-1
-1
284.83
-1
295.69
280.84
30.42
294.05
61.8
-1
-1
-1
-1
257.2
243.47
296.99
297.09
-1
66.8
-1
254.81
282.55
79.69
221.86
273.11
266.06
58.64
65.92
-1
-1
-1
-1
-1
46.04
39.75
-1
-1
-1
-1
101.23
289.69
72.32
55.55
82.43
-1
-1
101.31
260.7
265.74
-1
285.43
31.45
-1
58.19
57.96
107.24
55.7
-1
244.57
-1
50.34
37.1
287.88
-1
-1
111.36
66.1
259
277.05
227.86
227.95
102.65
259.12
120.89
97.73
277
200.65
280.62
104.66
72.75
96.76
-1
286.76
111.88
56.3
37.44
-1
111.84
93.79
-1
226.14
309.37
-1
-1
-1
-1
82.92
-1
-1
275.09
290.62
62.29
43.28
79.24
45.06
-1
37.51
-1
64.4
301.57
-1
308.51
288.29
50.53
-1
-1
274.09
78.51
-1
-1
85.54
-1
-1
47.33
285.16
-1
111.62
77.21
284.2
47.56
57.77
-1
-1
42.48
85.36
-1
252.81
-1
93.66
-1
81.85
272.05
238.95
-1
94.07
-1
-1
239.14
281.2
251.8
88.58
95.36
-1
231.38
248.83
-1
-1
48.47
31.65
294.41
57.02
-1
350.25
45.39
62.47
286.06
-1
-1
63.84
271.19
-1
99.71
254.96
232.78
-1
46.6
289.81
-1
269.69
237.15
44.16
19.33
64.13
269.7
34.38
-1
-1
-1
-1
-1
71.66
280.77
240.21
217.12
-1
79.12
238.71
226.58
283.84
221.87
-1
245.46
-1
-1
-1
80.37
45.93
304.18
268.97
-1
265.56
62.34
63.51
261.5
-1
-1
-1
73.2
21.17
265.54
-1
-1
-1
47.68
-1
102.74
64.13
61.25
89
70.42
284.74
-1
245.28
-1
91.54
251.46
-1
77.53
242.65
-1
78.09
81.05
213.74
41.58
-1
-1
43.62
56.42
-1
42.99
-1
-1
-1
280.06
102.56
-1
277.53
49.17
-1
77.43
67.78
39.97
84.97
-1
277.91
-1
-1
-1
-1
247.45
53.58
77.05
-1
231.4
-1
244.13
251.12
-1
239.83
80.31
286.3
58.21
49.12
280.35
-1
72.22
-1
-1
126.22
-1
-1
-1
-1
-1
-1
-1
228.33
-1
-1
73.87
228.91
-1
238.85
45.17
-1
65.73
-1
78.24
79.3
279.77
-1
-1
250.35
264.13
-1
290.34
282.96
269.89
-1
237.59
255.76
77.07
-1
276.3
-1
-1
36.87
46.02
50.06
71.99
293.59
104.26
235.5
-1
63.66
-1
276.57
237.33
260.59
-1
275.59
49.86
-1
84.8
250.91
-1
292.91
-1
57.15
-1
244.13
261.06
78.91
-1
76.41
22.03
-1
-1
-1
-1
240.47
256.94
70.1
264.07
261.71
45.84
64.14
-1
-1
257.37
303.42
289.49
260.18
-1
300.5
63.43
-1
293.74
-1
-1
93.66
48.49
41.86
69.16
74.5
-1
60.37
-1
69.46
-1
284.34
-1
230.07
300.24
-1
60.06
65.87
94.5
-1
-1
237.77
-1
34.56
306.41
23.62
-1
51.24
-1
-1
-1
243.05
-1
-1
-1
236.86
-1
-1
-1
55.51
261.4
203.25
-1
-1
13.7
-1
-1
92.3
-1
79.36
53.09
-1
116.79
-1
164.41
115.44
249.49
114.51
55.11
67.32
255.81
40.23
-1
261.93
-1
45.94
266.06
-1
295.1
288.85
-1
221.01
243.58
281.55
94.14
268.38
239.09
237.61
-1
-1
277.61
48.54
69.39
-1
-1
221.04
-1
280.91
253.75
262.42
301.42
305.71
245.24
107.6
277.88
64.09
-1
297.72
41.35
44.93
-1
258.57
268.94
-1
250.86
38.57
290.83
118.45
-1
-1
273.94
307.5
267.51
61.96
299.64
-1
76.81
76.69
257.43
35.99
66.39
277.86
274.13
208.73
-1
256.27
-1
-1
269.68
75.52
287.86
295.73
290.84
-1
-1
106.79
-1
-1
252.04
276.94
75.42
279.32
42.69
237.87
79.03
233.27
43.28
-1
-1
-1
-1
-1
307.8
223.35
-1
64.14
97.07
-1
311.44
-1
-1
-1
-1
-1
264.33
-1
305.62
97.04
-1
247.5
266.47
277.07
243.85
229.08
230.05
277.61
185.76
41.97
-1
-1
-1
-1
-1
228.97
108.63
275.67
-1
-1
243.25
-1
252.77
-1
209.41
57.95
275.04
305.3
76.43
289.02
-1
112.04
74.08
277.46
250.87
46.49
58.61
261.62
278.39
50.11
-1
-1
71.09
268.4
240.56
276.37
82.12
236.31
283.3
252.58
-1
-1
60.59
-1
-1
-1
263.67
243.76
261.11
-1
64.75
-1
283.66
-1
-1
215.74
272.53
-1
73.32
278.26
101.47
-1
255.82
94.64
72.57
267.51
230.32
65.89
-1
61.67
67.91
102.96
73.41
-1
55.21
288.95
77.1
308.42
302.56
63.32
36.97
56.32
-1
69.26
52.98
299.37
54.71
-1
246.53
-1
61.3
-1
279.29
269.7
254.69
243.07
255.21
273.94
-1
56.07
283.03
-1
294.57
-1
-1
288
55.9
93.79
102.92
261.76
-1
292.57
62.6
-1
59.25
-1
-1
42.98
-1
-1
83.96
282.58
186.89
-1
256.25
278.19
284.03
261.81
-1
289.23
59.86
295.47
35.82
-1
-1
287.6
-1
79.47
283.81
295.18
-1
-1
285.79
265.73
298.5
-1
264.46
-1
-1
-1
-1
116.38
246.49
248.17
228.3
62.3
250.75
35.7
-1
259.25
-1
-1
51.49
-1
-1
41.38
84.92
258.21
-1
204.28
-1
257.44
95.02
80.07
108.81
110.71
39.59
98.22
-1
57.66
163.89
-1
-1
90.11
258.41
-1
-1
80.84
41.24
45.78
-1
-1
65.62
-1
67.97
-1
-1
-1
-1
-1
53.77
280.26
274.17
225.05
-1
133.71
115.04
-1
41.19
-1
-1
95.47
281.59
63.99
-1
73
266.67
-1
56.43
-1
267.74
-1
223.95
-1
-1
-1
272.03
297.91
294.51
95.07
72.37
-1
61.32
298.58
329.44
96.83
119.76
-1
224.94
165.49
-1
43.57
-1
108
248.64
337.81
81.76
-1
-1
255.56
-1
69.24
13.3
-1
45.53
-1
284.31
-1
-1
248.13
91.28
-1
-1
-1
-1
59.88
-1
-1
245.13
-1
-1
77.28
76.22
-1
-1
-1
69.89
-1
-1
-1
-1
-1
-1
113.47
65.74
273.42
-1
71.88
279.66
-1
-1
-1
98.95
-1
72.95
294.61
44.06
236.28
207.43
59.98
281.99
84.83
-1
281.99
108.85
260.55
299.06
70.97
247.19
254.8
-1
87.1
216.77
-1
285.04
243.95
246.87
243.91
-1
-1
-1
98.59
62.38
305.69
-1
-1
231.34
283.22
-1
-1
-1
237.36
-1
86.06
-1
117.3
42.94
-1
276.02
241.61
225.94
-1
309.01
51.61
-1
-1
-1
-1
32.58
-1
270.07
-1
239.53
-1
285.08
294.63
246.3
-1
52.77
-1
83.09
-1
-1
71.01
272.16
327.35
-1
246.36
-1
-1
106.29
-1
-1
288.75
96.8
-1
-1
291.63
68.72
285.06
45.98
-1
278.77
-1
282.58
120.93
287.16
236.86
-1
228.97
298.89
-1
272.51
301.99
248.13
-1
-1
280.22
50.22
29.36
-1
279.54
261.33
250.58
-1
86.06
251.54
-1
262.47
261.23
-1
85.68
265.36
-1
-1
258.47
79.72
66.38
-1
57.01
-1
81.94
237.31
232.29
266.86
44
85.54
116.33
-1
111.43
256.85
-1
-1
49.98
3.88
292.93
73.1
-1
233.63
-1
44.84
68.19
235.6
242.23
-1
42.99
-1
244.14
94.64
-1
-1
234.37
269.75
99.9
34
225.37
-1
-1
-1
-1
-1
-1
98.77
237.97
64.69
296.94
272.34
-1
-1
275.28
-1
-1
270.26
254.22
-1
274.47
249.14
240.15
242.85
238.78
270.26
290.66
-1
-1
289.91
89.72
299.13
-1
265.54
37.61
64.23
-1
93.94
93.66
262.45
262.71
304.12
115.54
-1
-1
283.76
280.51
-1
282.84
-1
80.18
261.85
-1
310.24
78.16
280.02
-1
-1
-1
-1
35.21
-1
113.18
37.67
-1
92.23
-1
256.17
91.9
273.94
-1
-1
-1
83.33
-1
60.8
287.79
93.88
-1
87.96
-1
270.29
-1
84.33
280.97
65.54
283.14
79.87
67.96
-1
-1
-1
-1
252.38
-1
-1
-1
245.16
101.6
277.96
-1
-1
259.8
-1
81.52
42.16
-1
-1
81
-1
46.79
300.71
98.46
238.39
45.09
-1
117.92
-1
289.67
-1
-1
-1
-1
241.46
-1
46.53
40.15
286.79
122.62
69.6
-1
-1
264.97
-1
-1
243.53
58.83
239.15
-1
96.05
237.6
246.49
257.76
266.09
250.79
62.13
122.58
283.02
263.5
301.56
52.77
288.13
-1
120.62
262.62
49.75
92.81
273.94
59.05
-1
-1
-1
51.63
-1
-1
74.92
-1
-1
238.9
54.61
295.53
-1
225.11
-1
263.82
272.05
267.92
279.6
-1
-1
48.62
-1
100.61
-1
55.8
60.49
226.53
-1
-1
-1
-1
288.15
213.91
65.18
301.06
-1
52.57
102.61
59.73
280.71
287.75
93.94
-1
-1
-1
52.63
-1
-1
-1
-1
65.05
281.14
285.14
289.21
-1
-1
63.76
257.65
257.24
120.94
27.12
45.1
243.07
107.23
58.41
261.74
257.58
-1
-1
273.84
238.1
269.7
-1
-1
-1
-1
-1
64.95
291.94
260.53
-1
-1
-1
-1
49.26
282.59
271.92
58.54
284.29
41.49
-1
269.7
38.09
-1
95.08
-1
250.39
-1
288.86
67.58
240.67
-1
274.51
-1
-1
260.8
273.53
317.9
-1
252.12
112.16
246.39
285.95
-1
-1
98.83
266.21
273.79
-1
-1
24.2
274.26
225.72
62.09
-1
286.55
226.52
251.82
50.84
287.03
290.25
-1
94.26
-1
236.69
95.41
-1
45.79
-1
89.67
78.34
94.26
-1
241.92
-1
240.76
63.68
102.47
102.57
27.8
-1
-1
-1
-1
107.49
-1
259.54
37.63
-1
102.28
71.08
-1
66.37
-1
48.45
243.58
166.43
74.27
105.33
-1
330.68
-1
292.41
-1
280.19
273.22
-1
201.82
300.45
60.82
284.58
112.83
48.28
287.03
246.27
266.06
63.85
34.11
-1
-1
112.79
251.7
-1
-1
-1
293.44
-1
-1
-1
224.43
70.09
-1
-1
60.09
82.61
269.58
243.31
39.31
-1
-1
-1
-1
286
-1
-1
267.62
297.29
36.27
289.73
224.71
48.08
57.36
-1
-1
-1
-1
62.62
-1
297.73
81.98
44.28
-1
127.78
-1
238.96
31.35
254.54
-1
67.02
-1
261.71
236.06
275.28
25.71
-1
93.79
77.75
280.24
302.12
261.65
93.79
56.45
80.33
-1
80.6
-1
-1
-1
-1
282.95
-1
101.81
32.73
293.01
76.07
-1
-1
-1
257.05
-1
281.43
-1
-1
-1
-1
-1
62.99
279.69
-1
-1
89.4
40.23
29.07
300.81
278.44
251.43
37.5
79.6
239.96
78.31
48.12
-1
-1
-1
38.55
273.53
50.06
239.77
-1
66.71
41.4
88.1
-1
266.68
-1
268.25
263.59
-1
80.7
38.28
297.96
288.53
29.31
253.56
-1
-1
301
-1
-1
232.68
53.85
273.94
-1
-1
72.11
-1
-1
280.31
222.18
262.7
110.62
-1
42.71
288.85
248.77
-1
281.59
233.98
297.06
69.89
292.88
32.18
41.38
-1
284.79
261.87
67.16
285.25
-1
-1
-1
30.44
-1
279.04
-1
-1
266.23
83.72
296.23
108.14
-1
-1
294.51
291.97
48.88
287.21
-1
52.93
-1
-1
-1
254.07
116.13
94.26
-1
-1
258.93
-1
238.29
69.4
-1
-1
44.34
258.54
46.29
-1
-1
-1
277.3
294.44
50.16
-1
-1
-1
273.53
-1
288.69
254.32
268.61
-1
213.47
231.1
266.09
273.63
-1
-1
300.71
67.51
-1
99.55
260.4
56.8
-1
115.86
-1
-1
308.07
77.46
-1
-1
242.07
34.58
273.94
-1
-1
242.64
70.9
80.59
-1
27.77
55.52
48.9
-1
-1
233.19
73.85
-1
322.18
293.36
298.02
274.74
-1
15.58
-1
93.94
-1
287.96
-1
-1
283.94
64.21
296.27
-1
297.83
54.12
-1
-1
236.48
50.3
274.26
-1
-1
278.39
-1
-1
85.56
298.76
45.61
89.25
38.2
-1
63.22
-1
-1
257.68
282.38
223.72
271.26
274.47
285.18
108.43
251.86
148.57
280.39
-1
41.39
38.86
93.94
256.05
89.15
-1
328.87
222.05
158.61
-1
-1
-1
306.25
-1
95.36
113.19
55.79
-1
-1
93.33
226.23
-1
284.59
-1
-1
-1
243.73
77.5
252.71
228.06
121.26
79.22
-1
280.55
-1
-1
-1
63.76
108.59
-1
38.05
63.06
77.99
-1
-1
116.34
-1
35.24
-1
282.39
57.8
225.78
266.29
240.76
80.07
-1
191.27
-1
-1
41.4
289.12
108.18
-1
51.57
74.3
112.93
74.33
104.08
-1
-1
258.88
273.32
101.19
267.54
42.12
307.09
119.16
-1
101.83
45.22
273.94
-1
63.05
-1
297.98
273.94
-1
270.07
78.56
257.45
-1
209.93
-1
-1
47.84
64.01
-1
201.88
-1
64.77
-1
59.95
247.84
-1
100.39
55.06
243.07
118.55
290.2
-1
-1
104.79
98.38
-1
243.3
242.57
78.74
77.1
111.8
87.84
-1
286.5
102.56
290.19
310.06
287.86
90.77
288.27
-1
55.04
-1
273.94
-1
299.4
-1
49.16
-1
293.52
63.01
42.72
65.77
265.66
-1
58.4
-1
-1
94.44
37.13
-1
298.89
224.19
303.02
41.67
225.39
-1
-1
262.11
100.6
78.25
-1
45.68
-1
61.08
-1
254.7
-1
258.35
-1
-1
-1
50.53
58.05
323.82
304.96
-1
-1
48.52
235.71
-1
-1
-1
-1
44.29
285.59
62.62
-1
-1
69.19
65.58
270.84
245.32
245.42
292.53
269.7
72.05
60.62
45.43
201.65
243.23
-1
251.81
42.45
283.71
270.84
34.3
283.5
-1
-1
-1
265.98
250.92
35.56
60.43
-1
85.22
-1
299.98
-1
-1
294.92
-1
275.13
-1
278.35
315.31
296.65
281.86
84.83
52.47
250.2
246.78
-1
307.51
27.49
256.1
97.83
238.69
-1
-1
-1
70.13
104.79
-1
-1
-1
-1
246.06
281.78
226.93
54.69
306.64
228.93
239.37
34.2
71.75
262.34
-1
267.03
63
251.58
235.18
184.41
11.95
-1
35.3
257.63
-1
-1
282.8
-1
-1
237.86
43.96
247.8
-1
103.56
280.15
45.94
242.3
77.02
-1
66.98
96.16
-1
-1
65.59
259.74
49.65
232.47
133.25
-1
45.64
54.11
-1
-1
-1
-1
311.79
-1
74.86
-1
-1
254.35
285.56
284.44
-1
-1
292.33
234.36
280.19
93.79
107.68
40.97
-1
257.85
-1
-1
-1
101.31
-1
-1
-1
-1
-1
-1
282.65
163.21
-1
253.69
262.05
285.5
101.87
264.27
-1
276.97
233.48
68.28
-1
75.73
-1
-1
-1
53.03
44.72
65.17
57.94
-1
288.2
-1
255.32
-1
-1
62.6
-1
284.76
76.59
-1
324.11
280.59
282.76
125.11
19.16
285.06
-1
25.67
270.98
-1
242.59
75.55
-1
61.47
241.88
269.7
261.99
255.14
260.45
-1
228.41
53.14
19.19
287.1
78.17
70.03
-1
-1
56.94
-1
88.52
-1
238.94
-1
280.89
260.93
-1
117.3
248.44
95.46
-1
-1
93.75
-1
-1
224.91
25.8
220.02
282.73
89.23
48.73
-1
60.82
-1
58.88
284.39
-1
52.83
69.81
-1
259.82
-1
263.84
-1
238.74
50.53
31.04
49.62
248.2
51.32
282.83
265.13
72.59
146.83
244.13
-1
232.47
256.5
69.32
-1
219.16
-1
-1
-1
299.84
58.52
69.7
50.56
273.29
-1
292.48
187.54
-1
76.41
-1
51.08
274.64
-1
68.94
-1
-1
246.72
281.85
63.91
89.28
-1
309.3
-1
249.14
86.58
265.33
-1
126.63
57.16
289.16
110.62
-1
111.95
282.93
273.79
-1
64.21
-1
40.17
80.07
91.27
39.47
43.32
275.34
57.67
56.35
101.26
280.34
104.79
241.92
-1
77.76
99.72
280.73
-1
62.92
-1
59.54
39.17
235.38
95.64
50.4
206.78
297.3
-1
-1
-1
-1
-1
229.92
48.54
-1
-1
56.76
276.87
-1
301.09
38.7
262.63
127.47
-1
97.04
81.68
250.95
102.52
244.13
-1
85.86
45.23
247.48
292.67
58.17
20.18
108.39
79.11
109.57
51.66
98.87
288.2
-1
-1
232.82
-1
34.36
-1
71.47
42.27
90.28
256.02
107.16
-1
-1
290.23
235.59
223.99
78.17
261.59
62.15
84.69
254.66
-1
-1
54.26
285.57
51.19
-1
-1
282.4
-1
258.57
-1
205.73
202.16
-1
293.31
-1
-1
265.55
-1
49.38
-1
30.74
53.21
-1
53.97
-1
280.96
89.03
72.25
252.6
-1
128.74
55.23
-1
-1
285.85
86.2
-1
303.69
271.44
282.58
-1
-1
-1
98.31
281.41
249.7
278.56
60.48
220.22
-1
243.76
121.49
12.59
114.65
256.67
226.82
52.37
-1
-1
245.38
74.49
-1
-1
-1
-1
-1
-1
59.04
86.81
-1
-1
230.05
250.02
267.08
-1
-1
242.75
82.78
273.53
279.06
256.82
91.59
242.89
-1
291.71
294.87
-1
-1
52.55
-1
269.7
-1
91.8
45.92
-1
-1
121.71
279.85
51.8
117.03
-1
-1
102.17
280.89
-1
261.48
-1
57.39
227.95
241.67
237.51
278.66
257.02
-1
-1
74.73
-1
-1
79.11
249.02
-1
-1
93.5
-1
-1
-1
241.33
50.41
239.56
-1
243.12
-1
70.69
62.74
239.35
153.07
110.35
-1
83.36
-1
59.22
277.91
74.91
56.06
278.89
261.11
-1
314.1
-1
-1
97.97
-1
273.89
-1
-1
234.93
-1
45.41
-1
99.88
-1
-1
65.91
334.72
243.94
51.19
310.48
304.62
-1
-1
-1
-1
-1
68.11
283.43
-1
-1
275.93
298.78
41.59
285.42
83.93
-1
277.19
-1
-1
243.98
-1
54.21
101.98
-1
-1
281.17
-1
-1
-1
269.37
65.75
-1
55.45
262.44
243.77
-1
282.79
-1
62.56
296.42
259.11
-1
255.1
78.1
285.92
283.64
291.59
-1
102.69
51.4
-1
-1
227.01
-1
249.67
282.94
-1
73.51
51.76
62.88
83.75
275.69
36.65
52.67
224.22
296.11
-1
248.17
-1
-1
303.13
-1
238.31
95.12
-1
124.07
79.29
111.1
66.86
39.17
63.28
29.86
71.66
45.04
279.71
284.28
-1
-1
-1
36.02
82.69
259.08
53.17
97.52
312.29
274.26
118.66
-1
73.16
282.98
68.93
263.89
-1
305.38
51.57
66.26
282.99
266.94
250.74
232.63
264.43
273.53
-1
-1
287.12
247.42
288.47
236.08
90.54
304.51
-1
255.21
-1
38.21
282.61
300.13
-1
77.35
52.16
262.09
251.44
62.2
300.63
72.66
-1
280.63
-1
-1
302.65
-1
-1
100.04
235.39
286.39
-1
-1
-1
49.8
221.26
226.1
279.79
299.79
53.96
-1
227.04
228.49
-1
290.21
-1
-1
234.36
84.92
-1
109.04
-1
-1
-1
-1
62.71
234.25
-1
52.03
276.97
290.22
93.94
249.86
101.33
225.94
242.39
289.57
-1
-1
-1
-1
248.52
284.19
-1
-1
330.78
-1
97.29
244.34
304.87
283.57
248.69
53.81
257.25
266.21
-1
-1
-1
-1
-1
297.33
74.31
56.83
106.88
-1
-1
-1
253.6
279.02
-1
-1
89.72
265.02
268.84
289.46
-1
70.28
-1
-1
113.9
80.75
-1
87.93
121.08
109.21
-1
98.93
286.45
257.5
-1
62.91
68.04
-1
-1
255.21
-1
-1
350.79
299.57
257.99
-1
-1
-1
-1
76.44
-1
44.07
67.79
-1
-1
-1
-1
227.81
232.77
-1
241.54
253.91
279.55
101.18
24.68
-1
293.92
-1
242.11
86.32
38.58
302.7
293.59
191.59
227.71
-1
105.91
-1
84.62
284.29
285.82
-1
-1
292.5
-1
52.71
95.83
-1
65.05
-1
68.42
262.56
211.78
-1
-1
75.41
299.7
288.43
-1
-1
57.4
225.55
260.26
-1
36.9
-1
278.5
289.89
292.93
284.1
231.62
-1
284.39
215.42
198.63
51.98
319.21
282.28
-1
276.69
211.27
263.67
280.2
-1
-1
302.67
306.55
61.8
79.81
283.01
93.53
-1
104.28
285.96
-1
-1
99.23
297.2
-1
290.27
109.49
33.94
-1
101.74
263.87
-1
262.95
243.63
276.99
-1
310.12
-1
-1
215.57
235.77
288.49
244.88
270.84
224.79
283.07
242.33
-1
219.57
261.88
-1
312.64
-1
-1
272.17
107.76
82.3
282.55
103.77
279.74
273.15
76.06
356.77
100.32
241.39
258.16
46.33
303.84
211.41
281.61
42.64
-1
97.22
101.72
301.87
247.01
69.79
96.36
78.64
65.81
302.68
-1
38.94
43.24
215.53
-1
-1
-1
284.65
282.03
35.18
59.62
-1
54.81
101.44
224.41
54.5
237.21
290.66
-1
297.1
257.09
79.61
250.98
-1
-1
37.48
-1
63.44
51.35
287.39
256.28
257.24
-1
-1
47.83
265.36
-1
257.46
-1
-1
258.19
234.36
100.46
-1
-1
275.86
-1
-1
-1
-1
89.72
82.65
277.41
-1
-1
279.38
52.64
269.7
-1
-1
-1
105.48
278.39
-1
104.46
58.47
117.46
-1
31.58
83.13
81.23
70.68
63.36
254.24
187.05
45.75
224.46
-1
-1
285.36
280.98
233.38
-1
-1
-1
39.99
229.66
247.47
80.07
257.04
285.91
-1
-1
263.15
284.18
-1
281.68
-1
244.13
-1
58.9
275.46
290.21
29
-1
-1
-1
-1
-1
282.26
-1
117.45
97.72
228.25
70.08
64.69
229.99
255.11
99.75
82.71
63.17
298.77
101.12
74.62
63.11
-1
-1
-1
-1
79.32
-1
-1
-1
-1
-1
-1
-1
272.49
63.34
275.58
-1
244.13
245.02
290.88
-1
-1
-1
58.44
66.69
284.65
250.88
-1
245.04
-1
84.92
113.77
-1
-1
-1
280.7
65.16
-1
289.81
98.47
247.63
-1
-1
57.51
244.67
285.07
275.7
295.62
-1
233.18
242.41
303.09
262.47
-1
243.76
229.56
231.84
185.46
-1
285.83
55.23
-1
252.16
284.44
-1
232.71
55.31
102.29
269.78
275.22
-1
81.74
234.36
252.21
259.91
-1
113.89
227.13
261.86
-1
-1
40.74
243.41
81.91
280.26
-1
-1
-1
20.76
78.44
-1
283.76
73.82
311.88
-1
270.13
-1
68.44
-1
39.38
-1
93.94
-1
290.13
-1
75.67
72.36
301.09
273.53
-1
-1
-1
138.9
305.7
246.44
258.49
278.87
47.13
-1
34.45
-1
-1
68.46
102.64
246.48
-1
85.56
28.22
217.78
285.64
25.74
22.51
66.72
46.3
-1
-1
251.11
65.87
280.07
244.13
-1
-1
49.8
236.74
66.5
238.38
279.23
-1
-1
-1
109.62
285.35
218.71
246.14
96.8
295.31
252.79
-1
-1
-1
46.4
-1
-1
93.94
-1
277.18
-1
254.33
-1
-1
-1
282.55
-1
305.3
-1
218.02
-1
-1
-1
-1
15.51
-1
-1
71.63
285.48
250.43
208.17
242.64
66.71
69.35
-1
-1
232.71
259.3
291.08
-1
-1
-1
-1
-1
102.07
108.97
-1
108.15
89.72
56.58
89.96
-1
246.32
242.27
-1
247.25
284.42
65.52
61.9
245.38
290.93
-1
301.07
-1
-1
-1
286.15
57.64
76.48
298.06
-1
275.82
226.01
-1
113.17
104.79
271.03
51.29
-1
82.08
83.05
-1
-1
58.09
248.11
84.84
236.95
-1
-1
45.37
-1
-1
249.7
282.37
297.03
67.36
78.23
77.94
280.81
271.42
-1
38.33
-1
287.3
91.71
-1
-1
34.85
253.6
-1
54.16
258.87
-1
262.52
110.39
81.43
-1
-1
280.03
-1
232.59
-1
-1
84.31
-1
174.8
-1
42.2
-1
66.09
288.13
-1
61.62
246.52
61.44
71.33
224.38
-1
-1
-1
257.67
287.17
-1
-1
289.07
-1
91.29
-1
282.2
287.72
70.09
222.81
48.76
101.73
294.73
84.92
37.32
312.46
-1
35.66
-1
-1
232.9
306.36
77.33
279.65
-1
-1
286.18
246.66
-1
-1
253.31
93.48
78.26
289.41
-1
49.85
280.9
119.92
-1
-1
228.44
229.55
298.13
278.42
-1
-1
107.07
-1
51.09
-1
297.89
75.9
-1
-1
247.96
245.6
-1
39.07
243.1
274.93
230.27
282.48
93.96
284.48
103.39
87.32
237.93
42.37
-1
-1
308.2
-1
11.99
78.72
267.07
271.29
278.14
-1
-1
50.82
-1
66.75
300.68
82.55
115.98
246.91
49.78
249.62
55.48
289.55
-1
300.16
74.9
253.14
93.99
61.9
260.87
-1
285.22
-1
262.99
29.76
83.87
115.87
279.98
-1
-1
276.31
256.16
-1
301.54
77.47
-1
76.91
-1
31.77
72.09
67.37
258.77
44.83
289.73
-1
251.32
-1
-1
-1
49.12
-1
272.9
-1
52.18
-1
-1
-1
62.97
63.89
-1
-1
272.28
-1
253.74
90.46
284.88
92.25
-1
-1
70.23
-1
79.28
243.95
282.88
61.42
291.99
267.04
-1
79.95
276.8
73.35
-1
235.1
296.3
-1
57.28
-1
293.52
245.86
309.07
76.6
282.73
55.99
64.38
102.87
71.84
-1
-1
-1
-1
-1
-1
300.26
65.07
119.82
287.16
261.2
269.7
-1
68.78
288.61
230.78
260.79
-1
219.48
63.32
304.58
70.78
309.92
279.39
-1
56.97
-1
-1
40.46
-1
-1
291.14
244.49
82.21
-1
277.41
282.95
-1
210.75
269.68
-1
-1
268.56
265.39
241.49
102.79
253.32
233.68
82
-1
139.03
233.05
42.5
295.68
212.3
271.48
240.58
255.14
282.34
119.74
-1
95.3
-1
268.49
96.47
101.44
-1
241.59
242.89
-1
271.3
-1
305.49
240.6
262.95
-1
-1
-1
-1
59.79
-1
79.42
67.97
59.05
231.8
-1
-1
283.43
49.18
57.99
84.92
59.89
-1
288.47
271.91
284.03
213.03
75.81
277.9
49.8
-1
-1
66.72
-1
74.01
-1
64.14
264.5
254.79
-1
-1
-1
-1
69.97
281.88
243.05
-1
85.56
253.02
281.41
-1
52.04
241.06
282.4
243.17
300.99
54.43
287.62
35.79
81.79
282.14
286.68
274.66
281.08
57.55
-1
222.9
250.17
85.75
-1
78.64
60.16
74.29
257.74
-1
262.25
62.57
237.94
-1
228.85
282.81
-1
105.4
283.67
48.82
-1
-1
-1
-1
63.77
-1
262.08
-1
261.39
-1
263.93
283.39
82.39
284.38
49.82
66.53
287.24
-1
306.47
38.64
265.35
63.07
-1
53.37
261.12
284.79
-1
-1
293.94
247.71
95.28
-1
102.37
135.18
-1
-1
203.15
302.45
72.07
23.92
225.75
266.28
211.75
-1
37.2
273.94
-1
-1
237.83
261.16
-1
-1
-1
88.96
273.94
297.71
-1
279.25
280.57
-1
-1
254.52
-1
256.36
93.94
209.83
-1
67.49
50.48
282.2
65.62
220.28
26.93
284.52
22.77
84.04
-1
262.27
239.37
-1
277.74
243.71
-1
206.03
252.85
-1
64.13
242.51
288.39
95.08
-1
-1
49.45
58.39
257.94
-1
60.39
268.27
298.61
116.22
-1
258.6
-1
-1
-1
-1
104.09
225.52
-1
-1
-1
40.05
239.42
257.18
290.79
241.22
287.62
72.43
241.59
-1
102.92
304.86
264.35
300.88
317.09
34.88
-1
281.31
75.48
285.76
282.5
60.51
-1
67.55
269.04
275.38
72.8
299.81
44.65
-1
231.34
-1
196.56
52.89
-1
255.99
-1
46.77
38.93
76.79
330.26
-1
82.33
-1
145.1
204.15
52.27
54.31
95.08
99.61
258.82
-1
-1
43.29
280.12
277.32
-1
78.3
304.04
-1
-1
80.64
-1
251.42
29.99
266.06
58.8
259.34
-1
80.2
77.89
-1
253.72
277.9
64.41
262.43
-1
-1
274.55
101.49
54.05
42.03
43.33
100.87
230.61
274.52
61.42
302.64
284.55
42.28
40.22
295
258.58
40.27
12.59
209.31
-1
93.94
-1
220.87
52.28
255.75
94.91
-1
-1
63.94
197.95
87.73
84.46
80.07
251.27
-1
291.78
262.02
251.08
-1
82.69
61.13
72.34
101.36
297.49
288.07
78.54
94.91
-1
-1
235.94
-1
-1
250.72
93.94
292.32
128.53
76.68
226.84
-1
43.62
24.34
301.41
49.52
240.58
-1
255.53
59.85
-1
-1
-1
288.31
-1
-1
50.56
41.28
290.7
270.23
-1
281.51
-1
-1
267.08
-1
34.07
-1
235.85
-1
-1
283.31
261.23
82.66
48.16
255.95
245.82
76.07
-1
259.67
-1
287.18
275.27
269.78
-1
-1
-1
-1
42.54
273.66
-1
-1
232.77
327.78
281.53
234.25
277.22
-1
86.06
62.01
98.42
212.58
-1
71.23
285.3
243.07
-1
107.09
287.05
48.43
277.87
301.57
-1
241.53
117.28
61.51
67.66
-1
-1
58.3
265.13
230.74
-1
282.69
-1
275.77
239.57
57.15
57.98
262.64
-1
-1
-1
-1
52.09
69.14
17
258.4
-1
246.16
308.04
114.08
231.82
41.11
50.53
47.13
76.79
248.42
-1
-1
132.84
89.72
252.16
301.25
77.03
37.59
-1
29.54
-1
76.13
31.44
282.27
-1
118.66
294.78
-1
-1
236.62
-1
304.56
107.11
-1
214.19
62.6
-1
245.71
224.34
-1
292.81
-1
-1
94.42
259.95
-1
-1
-1
-1
85.56
273.4
287.75
-1
251.18
54.36
98.36
228.29
302.64
-1
-1
-1
48.97
286.98
-1
-1
58.78
-1
-1
-1
297.25
101.4
-1
-1
-1
101.87
42.01
-1
279.1
-1
-1
233.3
266.06
-1
120.61
256.6
251.51
290.18
81.76
59.47
-1
-1
-1
273.21
-1
-1
-1
263.02
-1
255.4
64.98
292.45
76.29
56.57
292.07
305.23
-1
-1
272.86
230.36
68.5
-1
283.73
245.38
285.46
98.04
289.08
62.7
100.43
254.63
-1
64.59
64.64
281.77
265.56
260.76
-1
34.05
311.01
-1
52.03
75.72
-1
-1
-1
45.29
233.63
-1
-1
57.29
73.44
76.02
247.86
-1
-1
-1
-1
102.13
114.6
-1
-1
64.61
102.85
-1
-1
-1
43.54
35.12
99.14
85.37
253.45
46.26
257.21
-1
97.84
110.61
75.43
76.22
-1
78.58
97.73
247.46
-1
115.48
-1
56.3
269.04
71.5
-1
67.66
82.07
241.23
-1
84.9
-1
-1
-1
89.28
-1
-1
253.71
68.45
83.78
246.1
230.16
245.46
104.38
38.6
93.79
71.48
249.54
-1
-1
74.92
-1
258.48
-1
95.34
287.22
270.43
-1
58.05
-1
-1
94.14
275.14
53.18
-1
-1
56.86
-1
243.99
234.84
281.65
-1
32.07
-1
80.05
69.16
286.23
64.54
249.78
-1
93.06
62.62
60.88
100.27
20.36
118.54
263.38
-1
63.76
-1
69.97
65.09
36.06
290.49
38.71
-1
278.45
291.47
-1
-1
45.94
-1
-1
308.22
-1
-1
100.29
75.21
270.84
315.16
-1
87.38
81.15
125.29
-1
-1
-1
-1
-1
296.94
273.53
251.82
-1
31.99
287.89
229.63
288.07
-1
-1
260.96
264.89
-1
-1
50.63
-1
77.83
268.3
111.15
258.67
90.04
-1
273.94
-1
59.17
-1
253.88
110.51
-1
-1
63.23
56.38
234.77
46.7
68.68
-1
56.96
-1
289.33
281.86
-1
-1
-1
230.08
215.4
259.53
-1
301.17
61.02
-1
38.68
68.81
-1
-1
-1
250.96
49.88
264.85
-1
71.27
258.69
205.23
-1
255.83
280.62
-1
26.75
98.5
248.85
88.41
80.77
250.72
-1
53.18
-1
25.46
-1
253.21
64.13
-1
28.49
-1
110.2
-1
-1
260.52
-1
72.48
-1
-1
43.2
100.42
247.34
250.55
280.72
252.85
290.49
101.64
282.12
239.7
292.2
78.75
272.16
-1
44.79
-1
298.9
293.76
-1
63.61
305.98
79.99
-1
62.52
307.37
-1
-1
290.09
40.48
245.96
-1
123.33
257.02
74.85
93.94
-1
21.93
250.13
285.71
257.87
-1
264.34
-1
296.23
-1
269.7
32.95
112.79
-1
56.96
291.85
-1
297.8
-1
106.06
54.14
-1
261.17
283.18
243.91
299.4
251.39
-1
288.43
90.23
-1
273.94
216.77
-1
45.76
-1
-1
-1
293.41
-1
275.28
-1
-1
99.44
88.63
-1
55.16
59.15
-1
61.29
-1
46.89
-1
258.14
117.92
-1
-1
-1
124.97
278.89
342.12
-1
286.45
285.2
299.49
60.03
282.75
62.42
251.67
104.58
256.55
-1
299.75
81.57
82.83
280.99
-1
232.68
290.64
-1
32.67
316.82
79.9
84.92
61.91
54.6
279.6
279.69
-1
227.72
226.01
254.65
120.19
-1
102.75
288.29
300.98
263.12
255.04
45.15
63.06
-1
66.68
257.81
-1
113.01
288.61
-1
-1
-1
-1
-1
299.19
-1
265.71
208.89
85.81
-1
210.37
267.79
250.2
80.22
-1
48.33
55.78
254.67
260.86
114.93
-1
40.35
61.8
-1
48.72
226.46
-1
-1
253.15
-1
91.53
264.54
-1
129.19
-1
325.53
254.45
249.37
298.1
289.19
-1
287.85
266.33
245.84
250.08
-1
101.9
259.79
220.69
-1
98.34
63.83
215.51
221.67
282.09
65.35
260.76
286.36
56.5
43.56
264.18
-1
-1
89.71
200.35
277.3
-1
75.51
291.28
-1
253.27
-1
-1
281.77
249.01
288.22
228.98
-1
-1
241.34
-1
53.49
234.36
-1
271.26
-1
-1
270.58
302.04
50.05
220.66
68.54
-1
54.07
107.16
286.87
278.76
-1
84.48
47.1
-1
-1
-1
-1
281.92
287.32
-1
35.72
-1
54.15
259.14
-1
-1
287.65
194.28
-1
-1
53.47
270.84
293.3
-1
251.51
78.83
-1
299.83
48.91
246.58
248.14
60.67
237.21
-1
121.71
105.32
-1
271.29
62.06
257.66
-1
-1
56.33
-1
78.08
96.46
123.44
-1
260.56
-1
-1
73.3
73.89
255.78
72.2
261.23
282.65
94.71
43.55
-1
-1
-1
-1
278.78
-1
-1
253.76
59.93
-1
50.2
253.7
228.07
45.94
53.69
290.29
-1
-1
74.1
-1
279.19
115.32
27.49
299.35
84.11
-1
-1
61.35
282.24
256.69
-1
199.23
-1
-1
261.76
-1
-1
-1
-1
290.49
288.87
219.54
75.67
273.53
276.92
242.89
-1
-1
98.62
270.44
-1
111.82
249.37
329.11
-1
-1
256.4
-1
21.14
286.07
198.34
65.48
-1
-1
32.27
130.38
138.34
233.45
296.91
99.8
-1
-1
279.98
244.13
-1
-1
-1
255.91
-1
47.1
228.02
-1
-1
67.68
269.9
269.7
266.34
-1
49.77
271.38
-1
-1
282.97
233.55
-1
-1
229.68
-1
48.92
253.36
-1
117.8
273.3
272.04
103.86
288.36
288.14
-1
252.95
58.8
254.38
-1
300.39
77.79
-1
113.55
-1
302.01
39.02
309.23
116.22
87.94
-1
281.62
287.51
68.82
289.15
-1
72.27
56.11
253.92
49.48
99.66
-1
261.01
-1
-1
-1
-1
-1
240.94
260.31
239.35
263.67
300.93
80.44
-1
260.88
114.42
238.93
270
278.45
-1
277.22
75.88
-1
313.23
-1
281.84
286.25
-1
-1
282.67
41.14
77.08
-1
285.81
218.75
271.05
-1
234.63
-1
163.06
276.68
45.71
37.73
81.67
-1
60.66
-1
282.42
52.45
-1
248.29
38.92
298.97
-1
-1
-1
-1
69.53
-1
48.29
223.99
253.55
280.62
93.94
282.58
-1
-1
253.39
-1
-1
-1
286.78
213.19
-1
-1
287.23
-1
-1
112.7
41.42
64.4
306.95
288.22
-1
57.52
-1
68.56
285.55
-1
283.35
41.41
54.25
29.41
144.82
258.3
279.91
278.89
-1
71.04
-1
302.47
82.15
259.33
236.24
282.54
-1
255.92
245.87
-1
-1
222.53
-1
53.5
315.92
75.36
-1
59.1
262.33
-1
240.93
-1
-1
304.9
279.57
-1
294.85
-1
71.25
-1
227.82
-1
-1
55.6
72.96
-1
236.57
89.04
275.28
213.73
243.34
-1
-1
278.47
244.25
228.76
-1
-1
-1
247.47
51.2
96.84
-1
113.03
-1
-1
50.77
-1
-1
-1
75.62
280.09
37.52
70.18
247.55
304.46
102.19
53.54
-1
49.55
286.77
-1
61.22
-1
20.42
-1
-1
-1
-1
39.18
278.3
85.83
-1
26.64
202.3
65.02
-1
58.16
265.74
33.42
-1
108.33
55.17
255.53
-1
261.95
-1
279.76
-1
-1
51.07
273.94
55.8
-1
85.56
-1
-1
-1
-1
32.91
243.56
-1
56.93
-1
-1
239
90.23
53.14
280.95
-1
-1
63.58
107.13
260.85
250.8
-1
291.2
-1
-1
-1
294.97
87.64
264.72
-1
296.86
89.75
38.01
268.75
286.26
288.81
190.54
58.68
-1
56.86
-1
239.66
279.45
20.25
242.03
72.09
50.9
40.18
98.61
288.86
-1
-1
-1
-1
52.37
63.71
-1
-1
67.24
142.56
23.76
-1
273.29
-1
-1
-1
316.38
263.82
262.31
135.93
-1
-1
300.06
281.59
64.14
-1
-1
228.96
32.69
-1
252.56
-1
-1
211.9
52.64
-1
76.14
72.79
-1
260.01
63.37
-1
74.02
271.78
83.41
55.5
-1
-1
-1
83.33
-1
-1
-1
109.86
110.22
-1
284.69
104.79
120.34
92.22
-1
-1
251.09
55.98
46.24
98.85
-1
295.19
-1
259.36
73.56
-1
94.44
268.83
-1
89.04
-1
257.65
240.25
-1
-1
222.36
279.51
-1
282.29
300.18
94.26
-1
-1
274.26
283.48
72.26
84.46
274.39
-1
-1
-1
-1
47.87
295.23
101.56
-1
272.98
66.63
88.36
-1
291.78
51.79
110.6
277.13
262.81
304.05
300.27
259.95
277.21
268.67
258.21
62.24
286.48
77.35
50.57
60.56
-1
-1
49.04
282.4
-1
-1
245.74
252.89
245.62
282.75
61.22
89.08
251.91
79.07
-1
344.26
252.51
-1
100.3
-1
59.63
-1
68.97
75.71
114.64
269.75
-1
-1
252.32
-1
68.49
-1
266.06
246.23
-1
-1
279.82
305.65
-1
235.28
232.64
-1
-1
53.07
-1
275.46
269.07
-1
-1
100.2
293.07
268.78
49.14
244.57
-1
257.82
217.04
80.49
294.4
-1
-1
-1
-1
60.88
184.75
-1
79.2
-1
-1
67.47
292.47
-1
37.88
43.01
-1
50.58
-1
231.55
242.99
250.68
283.38
-1
227.55
288.89
54.38
104.75
77.71
-1
116.44
67.87
-1
-1
-1
-1
234.04
258.67
-1
274.44
58.56
-1
52.79
-1
291.31
-1
55.98
-1
241.93
-1
104.83
80.1
-1
-1
99.58
84.88
17.78
-1
270.09
-1
60.16
111.46
56.68
102.91
62.29
253.73
282.08
-1
-1
-1
65.13
232.98
-1
-1
292.83
92.04
284.93
81.11
263.43
62.65
292.22
54.21
-1
295.17
284.79
80.5
264.6
-1
275.71
59.47
238.77
296.07
248.77
133.72
-1
219.51
39.17
260.06
58.19
297.33
75.35
93.94
77.94
-1
279.56
76.58
-1
-1
91.8
53.69
85.74
-1
63.84
-1
110.92
-1
-1
270.86
-1
51.42
288.11
29.5
293.03
-1
-1
-1
236.98
215.19
73.08
306.67
45.16
86.06
-1
-1
-1
68.86
58.41
-1
-1
235.98
-1
33.83
240.7
43.91
230.06
-1
41.07
292.88
43.45
-1
-1
258.44
65.19
-1
72.36
-1
93.94
-1
-1
49.2
-1
279
305.62
72.92
127.74
252.79
-1
229.52
-1
-1
-1
-1
-1
255.61
-1
-1
-1
101.98
102.41
-1
281.87
36.41
119.3
230.48
-1
-1
48.45
-1
35.3
342.38
297.72
-1
251.66
269.04
54.78
33.71
276.86
57.3
212.07
-1
37.25
288.73
267.96
100.05
63.61
259.17
66.75
-1
-1
80.34
278.27
71.09
255.59
286.25
-1
-1
243.92
-1
61.58
111.73
-1
-1
240.35
49.77
230.86
-1
77.4
-1
278.14
-1
52.8
272.5
100.73
259.12
58.88
274.06
41.38
99.9
265.78
297.7
285.39
-1
78.05
116.36
-1
-1
250.66
126.8
63.97
24.57
31.39
245.36
268.93
76.38
-1
-1
257.65
229.25
230.68
247.91
108.88
291.53
-1
-1
296.92
-1
242.61
264.72
-1
283.74
-1
303.16
60.94
-1
58.11
57.02
291.01
85.56
248.78
-1
226.72
215.12
286.12
-1
53.99
-1
117.44
-1
60.79
46.18
231.72
288.4
52.14
260.02
-1
-1
-1
101.75
-1
82.06
56.98
288.47
-1
123.69
-1
-1
99.93
49.08
-1
258.34
266.61
-1
218.39
51.8
-1
297.55
-1
99.59
-1
264.87
235.05
305.57
243.39
-1
298.42
-1
68.59
50.63
-1
-1
56.57
-1
56.73
301.24
102.63
-1
-1
102.92
262.7
-1
253.13
218.45
-1
249.26
-1
52.62
101.48
69.33
284.25
136.65
268.22
-1
255.21
60.8
258.11
127.1
297.61
53.07
291.15
98.98
44.05
-1
-1
58.59
-1
-1
291.57
95.43
246.05
78.33
260.16
-1
-1
75.01
-1
-1
-1
102.9
255.27
-1
76.24
252.29
-1
57.23
224.12
282.7
239.05
73.63
-1
59.05
-1
33.69
-1
-1
294.25
243.01
-1
63.39
-1
76.36
62.02
-1
-1
72.79
54.23
83.23
260.99
1.71
-1
78.18
-1
-1
-1
-1
110.75
282.08
-1
221.35
289.69
269.76
273.73
-1
-1
294.89
79.45
59.44
294.47
46.01
259.18
-1
34.92
280.57
57.8
-1
-1
253.43
-1
243.76
59.58
-1
-1
56.33
-1
121.41
278.02
282.4
-1
250.64
249.29
37.77
99.81
84.92
-1
273.94
-1
-1
47.68
-1
77.12
245.19
62.22
258.39
269.23
226.83
215.49
36.76
71.05
-1
-1
75.58
303.33
-1
83.94
264.03
-1
267.96
230.54
-1
215.04
282.47
276.23
278.72
-1
44.91
283.42
229.04
47.82
261.54
88.06
50.11
-1
273.38
257.78
235.6
-1
44.98
210.39
33.87
-1
-1
-1
-1
54.36
-1
289.83
70.31
101.75
77.72
255.32
60.71
282.06
-1
-1
-1
-1
257.95
271.79
82.83
52.27
236.94
68.78
255.87
262.14
272.04
263.65
-1
54.23
100.61
-1
-1
-1
55.22
101.5
94.64
256.75
258.53
36.26
-1
79.97
111.77
111.56
300.85
-1
-1
247.17
56.89
300.58
62.33
78.25
300.5
-1
252.4
53.05
296.44
273.66
57.27
-1
-1
260.86
280.95
297.11
-1
266.21
8.39
-1
-1
222.28
63.47
-1
78.85
232.82
52.17
-1
-1
36.62
269.94
67.54
28.15
306.06
-1
67.4
81.61
265.07
-1
245.48
70.97
-1
232.03
-1
10.98
-1
-1
273.94
83.93
-1
55.66
77.68
97.87
210.82
-1
280.54
61.27
-1
54.72
-1
40.29
59.95
-1
-1
35.19
-1
194.72
84.05
51.95
81.06
58.4
290.66
-1
258.54
52.85
-1
83.4
-1
-1
266.7
285.06
59.98
106.15
-1
-1
296.04
265.15
304.43
51.49
-1
286.53
291.53
287.41
-1
92.55
-1
273.42
291.11
-1
-1
-1
44.62
265.22
-1
93.42
250.42
-1
-1
-1
273.42
-1
-1
112.13
271.31
68.68
257.29
269.66
-1
-1
-1
51.33
38
-1
-1
50.1
76.64
274.28
279.19
286.31
-1
222.88
281.61
49.8
93.94
58.38
305.68
236.77
-1
-1
109.03
293.6
257.2
-1
38.33
18.11
237.9
256.51
281.12
-1
257.77
243.8
-1
279.19
-1
38.29
61.26
255.79
47.71
261.95
-1
-1
265.36
72.68
255.96
45.95
68.45
-1
283.4
-1
50.57
280.37
53.77
275.94
-1
339.14
-1
286.01
233.26
80.45
-1
-1
122.99
69.26
-1
221.59
-1
-1
-1
64.76
88.12
54.64
275.57
303.24
262.46
-1
284.68
295.45
-1
291.65
106.88
234.36
247.25
72.43
-1
106.07
100.13
-1
-1
86.58
-1
244.44
67.08
-1
284.04
81.9
246.45
86.25
275.82
-1
245.51
60.14
296.48
284.79
-1
-1
93.66
95.08
279.18
-1
282
269.21
233.31
-1
-1
283.96
61.07
-1
-1
288.8
31.31
279.93
12.71
245.9
283.23
261.14
268.05
-1
299.12
11.78
-1
-1
260.96
56.77
254.72
-1
289.35
-1
-1
72.19
275.26
-1
93.6
246.45
-1
-1
271.96
249
65.37
273.09
38.62
273.94
288.45
46.85
256.9
35.37
280.4
118.33
-1
88.95
-1
115.93
-1
248.9
260.39
259.95
101.75
117.48
225.54
269.04
-1
-1
49.96
50.47
-1
50.07
-1
-1
251.91
80.73
-1
-1
291.12
292.89
-1
78.08
239.47
49.55
301.46
278.26
301.47
-1
247.6
-1
72.58
55.31
61.27
-1
37.59
293.41
94.09
-1
239.13
345.62
60.76
259.45
75.26
58.94
56.57
-1
57.36
-1
275.01
284.41
289.39
-1
244.13
250.58
116.24
263.71
304.55
234.41
-1
56.43
291.13
255.66
-1
238.14
-1
66.6
248.07
58.5
-1
99.69
48.41
40.87
-1
253.52
300.79
20.03
-1
50.75
250.55
285.19
288
288.35
97.32
78.22
290.46
81.54
69.73
69.39
241.78
51.74
-1
-1
-1
-1
308.72
-1
302.45
79.18
97.9
-1
-1
299
60.77
60.88
-1
34.31
-1
49.19
98.2
-1
-1
-1
250.51
24.42
289.67
295.05
230.21
-1
64.13
267.6
258.88
282.53
70.26
125.08
-1
272.69
285.13
29.16
288.35
-1
-1
-1
302.87
64.07
-1
51.54
79.43
227.67
89.42
264
256.31
296.34
36.46
78.84
245.08
254.25
-1
-1
49.89
299.71
89.74
294.97
62.94
273.94
-1
-1
301.18
288.05
289.65
-1
254.92
82.27
289.42
-1
280.11
281.19
-1
-1
-1
-1
245.99
63.86
-1
92.9
-1
-1
48.99
244.13
60.19
251.34
-1
110.17
68.43
-1
94.26
264.72
265.53
-1
-1
79.24
284.03
56.13
61.92
278.03
-1
82.11
-1
241.81
-1
240.95
34.94
32.66
26.85
-1
-1
280.11
229.03
278.38
-1
307.7
-1
-1
228.89
-1
-1
87.96
235.16
65.89
-1
-1
-1
72.77
-1
-1
93.66
-1
272.17
261.12
62.51
-1
-1
289.01
113.68
293.02
54.49
74.02
299.58
32.98
33.03
250.55
-1
252.37
253.8
279.77
84.42
-1
97.83
243.07
249.86
286.33
51.36
-1
251.91
-1
293.12
-1
78.32
265.36
80.51
-1
59.07
277.73
27.61
241.54
245.57
273.79
201.48
57.67
69.36
77.55
116.47
274.35
-1
-1
274.86
-1
-1
260.85
-1
263.45
124.44
-1
22.62
180.25
-1
273.03
-1
260.14
60.14
107.51
-1
240.92
-1
303.39
-1
300.32
125.29
-1
95.89
265.73
-1
306.17
-1
50.86
295.45
276.62
220.4
-1
281.22
284.72
21.5
-1
301.62
-1
49.66
71.59
-1
32.53
-1
280.67
290.21
-1
-1
-1
-1
260.8
55.46
-1
251.19
286.85
52.2
-1
61.53
54.92
-1
79.69
39.91
93.94
-1
285.64
-1
86.15
249.22
95.11
61.74
93.64
38.99
48.85
-1
279.07
-1
110.2
-1
261.11
258.22
76.95
269.7
-1
259.79
-1
8.47
58.72
278.05
-1
58.86
-1
81.36
56.84
29.22
-1
-1
296.66
282.83
227.8
225.96
-1
52.32
-1
93.66
289.61
40.23
241.75
82.31
251.28
251
52.35
-1
-1
-1
297.71
62.01
200.62
77.98
289.04
250.59
-1
226.76
-1
269.57
244.47
278.68
80.07
-1
-1
54.16
52.37
265.91
271.14
252.6
-1
66.92
-1
49.36
231.53
231.26
30.41
240.71
-1
-1
291.29
-1
277.65
59.49
277.77
-1
65.63
-1
76.92
260.17
36.91
-1
75.64
211.32
256.53
-1
192.35
47.36
42.3
-1
-1
78.58
127.13
34.01
95.08
76.32
311.07
37.03
68.62
-1
105.06
75.68
317.07
256.48
106.55
-1
114.18
-1
47.78
55.47
61.21
334.95
293.24
284.04
-1
41.79
-1
-1
-1
243.9
283.24
270.91
-1
262.69
271.69
78.97
304.41
-1
300.61
285.2
274.63
-1
256.84
-1
-1
102.94
-1
246.6
-1
270
285.22
263.81
39.74
247.47
94.14
79.21
236.93
299.98
109.83
89.72
-1
-1
-1
84.84
283.33
301.24
309.59
249.3
287.29
60.3
69.92
275.26
-1
278.5
-1
-1
-1
244.37
245.98
31.11
-1
34.66
253.94
82.14
-1
243.66
-1
53.9
258.94
-1
294.08
53.77
302.34
-1
231.23
275.16
-1
296.94
255.26
71.74
261.26
-1
-1
-1
-1
250.07
-1
235.26
280.62
-1
101.07
-1
282.88
57.1
269.24
-1
-1
58.98
86.87
-1
-1
267.14
75.05
-1
-1
50.81
40.26
-1
-1
-1
270.43
-1
-1
-1
40.86
112.12
-1
279.17
97.73
-1
286.7
-1
-1
261.33
32.06
48.06
106.56
34.78
286.04
79.92
-1
278.22
306.5
41.34
305.83
294.03
-1
104.79
287.39
287.52
285.36
72.63
102.69
288
-1
279.48
58.56
276.05
-1
255.95
52.77
100.76
60.95
255.95
43.53
302.56
-1
78.24
-1
54.6
246.91
275.04
91.54
-1
-1
-1
266.06
280.65
260.68
-1
95.74
-1
286.32
-1
-1
-1
-1
92.55
77.73
236.33
-1
-1
91.03
309.36
-1
305.65
283.11
280.75
61.46
106.49
263.05
-1
245.14
247.66
60.84
129.98
-1
-1
85.84
92.04
-1
233.18
234.46
54.99
-1
57.04
77.75
237.47
-1
284.34
34.96
242.57
53.69
272.16
-1
49.77
-1
-1
-1
-1
230.5
302.98
51.52
275.58
-1
-1
348.4
56.89
-1
306.89
269.7
293.92
-1
-1
-1
226.46
67.55
17.43
-1
238.38
-1
40.23
240.72
112.23
-1
58.96
-1
278.36
295.48
-1
280.65
282.95
93.94
217.02
273.56
-1
-1
228.96
68.07
250.35
227.51
73.16
279.88
250.2
253.24
63.09
-1
90.68
216.65
273.26
-1
-1
67.01
262.34
272.54
293.35
25.77
-1
258.01
209.35
56.03
246.57
279.33
241.43
263.3
255.94
84.87
58.46
298.19
39
-1
227.45
57.04
60.26
42.81
-1
94.98
-1
-1
-1
266.69
252.81
54.05
-1
-1
105.43
75.69
207.37
227.91
-1
68.31
65.54
231.48
176.41
-1
-1
-1
-1
54.36
258
260.16
-1
249.52
255.09
211.99
282.02
43.01
156.37
-1
118.04
33.54
-1
286.03
-1
-1
54.68
274.77
294.28
290.61
-1
80.18
241.2
265.3
50.61
290.78
215.83
258.03
259.74
121.05
-1
216.55
284.07
126.44
59.37
273.94
274.4
96.84
-1
278.12
265.08
-1
252.8
21.45
-1
285.22
280.5
225.7
76.38
92.22
237.9
283.75
239.21
96.01
-1
87.83
74.37
298.6
243.97
289.7
325
-1
28.79
-1
115.71
110.64
-1
-1
144.52
239.44
93.21
35.59
-1
70.51
46.92
55.02
272.04
260.87
-1
-1
261.75
294.47
-1
-1
-1
-1
99.52
-1
-1
-1
57.68
-1
30.21
-1
-1
51.81
84.21
37.59
291.16
-1
-1
220.83
49.14
88.62
-1
-1
79.86
-1
257.04
270.65
-1
89.72
58.83
-1
231.38
101.61
-1
85.91
47.6
-1
259.12
-1
-1
-1
110.46
-1
110.92
46.71
-1
-1
284.02
-1
-1
-1
59.6
53.12
62.13
-1
311.83
-1
196.99
-1
-1
283.27
81.47
276.7
301.41
63.94
117.11
102.87
-1
278.39
-1
243
37.85
67.85
-1
100.82
60.12
-1
-1
243.76
-1
-1
83.61
-1
-1
75.94
259.16
-1
257.45
49.8
-1
-1
47.73
258.14
297.41
258.06
50.22
39.83
-1
-1
-1
68.31
257.42
233.52
9.21
-1
-1
305.25
284.61
-1
121.09
104.7
155.76
80.09
-1
245.96
245.7
-1
233.18
258.94
298.45
235.61
21.31
61.8
-1
80.34
276.1
288.64
-1
287.92
266.23
77.9
-1
298.41
-1
-1
-1
260.93
254.9
-1
60.1
69.91
34.89
232.73
103.58
246.49
-1
25.57
-1
280.15
-1
-1
-1
-1
352.95
246.74
-1
-1
62.36
267.23
287.66
228.29
-1
79.88
-1
283.12
-1
-1
234.36
-1
88.22
-1
51.04
228.43
284.72
266.34
-1
-1
101.9
-1
-1
-1
273.94
-1
292.99
6.39
60.87
70.93
-1
55.17
57.27
81.41
266.21
248.97
233.05
81.39
-1
92.5
260.5
255.23
271.72
258.97
58.84
214.29
-1
-1
44.11
-1
270.3
-1
-1
283.11
270.46
-1
-1
-1
-1
-1
-1
79.97
289.61
85.6
288.4
299.59
86.03
76.29
105.02
41.93
115.31
274.44
263.3
270.55
282.02
310
272.71
276.06
262.27
103.6
108.86
-1
58.87
66.56
-1
-1
41.02
287.13
10.06
256.16
270.24
259.79
286.86
52.49
302.06
-1
105.35
102.86
269.7
61.01
80.75
112.87
123.7
275.91
231.82
-1
44.35
78.27
111.41
80.59
98.31
235.8
34.7
247.46
251.78
-1
-1
283.42
-1
68.81
222.43
-1
245.88
291.73
129.52
-1
34.62
257.94
266.54
-1
295.24
238.67
-1
-1
-1
-1
-1
325.87
3.92
-1
-1
243.76
61.87
-1
-1
278.15
291.15
81.87
279.98
-1
249.52
53.84
-1
-1
-1
288.85
272.59
-1
278.72
251.28
-1
89.68
-1
43.24
-1
-1
89.72
-1
235.21
-1
-1
-1
74.29
303.93
79.09
-1
281.82
303.05
285.09
231.61
83.53
266.06
281.09
75.69
92.22
256.42
299.37
267.77
-1
51.2
54.6
120.59
255.29
236.51
89.7
265.74
-1
-1
55.77
257.64
275.76
-1
47.79
248.27
-1
-1
265.13
209.48
250.76
93.94
57.82
289.29
266.61
-1
58.06
41.46
288.56
-1
278.45
-1
-1
-1
261.76
-1
48.01
292.96
85.14
21.56
81.41
131.16
-1
-1
219.93
274.45
285.92
-1
-1
276.59
-1
-1
-1
27.19
82.11
298.61
-1
76.68
110.83
285.1
286.96
-1
36.8
-1
258.5
234.54
-1
301.56
-1
-1
95.03
-1
238.52
-1
78.7
98.43
-1
-1
250.92
-1
-1
-1
59.08
-1
272.4
-1
278.1
284.86
232.03
-1
-1
120.45
66.14
253.08
282.15
-1
109.96
-1
240.34
-1
283.14
-1
106.71
-1
303.43
282.9
255.71
-1
288.11
77.72
-1
267.14
300.66
-1
-1
56.99
-1
79.35
266.06
-1
-1
288.49
44.62
108.45
273.94
-1
29.63
233
298.86
273.53
283.53
-1
186.68
58.8
-1
231.61
27.87
244.36
-1
61.92
285.26
96.28
300.67
260.86
45.72
239.77
287.48
-1
298.43
-1
225.03
309.92
345.01
112.11
69.01
-1
271.78
-1
-1
258.29
38.35
44.02
54.93
-1
-1
-1
-1
-1
-1
227.07
-1
256.91
296.48
297.88
-1
-1
-1
237.76
86.5
85.65
-1
263.71
-1
69.75
-1
-1
308.75
39.18
285.74
59.64
290.96
51.82
-1
-1
229.15
43.9
-1
-1
60.63
256.61
35.17
112.71
300.02
-1
236.13
-1
-1
58.4
-1
-1
45.15
108.39
-1
290.47
-1
-1
108.98
-1
74.59
-1
-1
279.14
228.76
253.9
-1
-1
-1
-1
233.77
61.21
-1
257.67
292.99
-1
-1
98.39
-1
336.91
-1
-1
-1
281.15
104.59
308.34
62.17
-1
279.63
-1
284.04
297.07
286.18
-1
257.14
41.63
-1
52.54
27.28
258.56
-1
-1
33.83
245.26
234.36
235.75
83.69
241.06
41.26
103.18
298.25
77.88
97.11
30.19
226.49
-1
-1
85.74
274.55
73.18
266.81
-1
221.86
-1
-1
103
292.8
42.27
-1
-1
-1
95.05
59.65
-1
62.36
-1
-1
-1
-1
-1
-1
-1
-1
267.08
-1
-1
-1
38.9
71.09
266.33
-1
244.13
54.28
295.85
301.77
58.93
-1
101.22
-1
-1
-1
300.12
60.18
-1
66.45
80.97
-1
-1
273.39
-1
75.11
285.67
53.2
281.51
93.94
-1
283.44
262.14
-1
-1
281.96
112.28
-1
247.63
-1
269.88
-1
294.15
277.4
-1
-1
-1
-1
-1
246.92
302.99
-1
76.87
22.61
71.5
-1
234.8
-1
-1
101.42
67.48
-1
51.83
-1
40.63
-1
271.27
-1
273.9
47.71
228.84
257.31
-1
242.05
254.53
44.89
71.88
255.91
73.53
65.78
349.87
294.24
-1
277.42
283.42
70.67
-1
55.93
-1
-1
257.03
68.18
-1
-1
60.76
233.63
77.72
-1
299.47
305.48
94.76
52.47
87.24
233.24
-1
-1
-1
-1
273.42
-1
-1
282.6
129.01
239.44
259.27
-1
-1
98.8
-1
-1
109.33
-1
-1
51.56
64.6
46.16
104.32
86.88
243.28
83
293.11
78.1
57.71
213.03
54.75
60.53
-1
117.4
285.23
65.4
121.43
-1
-1
96.37
115.47
242.7
51.42
-1
-1
96.91
253.43
113.18
-1
99.86
-1
-1
39
-1
80.22
284.88
80.6
86.65
218.19
91.39
-1
64.7
68.74
110.9
37.94
-1
-1
-1
55.12
115.85
71.28
290.01
-1
107.12
-1
261.97
283.7
44.97
-1
-1
112.01
256.25
90.22
295.38
96.11
-1
71.95
-1
219.02
109.49
-1
241.75
47.62
294.82
77.46
83.69
76.98
77.71
104.48
266.34
-1
293.25
-1
256.15
264.72
-1
-1
88.8
122.93
256.22
61.59
247.57
62.91
92.04
258.93
86.5
279.93
231.07
-1
61.93
78.44
268.21
60.18
109.37
-1
83.72
-1
236.16
221.57
-1
85.56
-1
359.69
290.19
237.01
-1
61.24
73.44
-1
267.1
260.01
232.77
265.36
260.57
-1
-1
-1
285.96
285.9
60.47
236.11
73.9
241.82
291.79
-1
265.96
273.38
-1
-1
64.7
51.91
-1
-1
24.1
-1
-1
231.53
36.15
-1
206.73
-1
88.7
231.49
107.34
57.14
37.67
55.57
43.58
285
284.14
-1
113.98
284.01
64.46
238.05
70.19
80.5
277.55
-1
61.85
97.73
247.6
-1
78.55
-1
69.37
-1
230.77
240.55
-1
-1
-1
-1
-1
56.15
84.84
-1
243.76
-1
89.83
285.89
258.38
61
74.82
-1
50.83
-1
57.45
86.06
40.57
259.06
298.96
201.41
-1
273.94
99.27
89.52
-1
129.35
59.82
101.78
61.97
129.69
-1
241.18
54.36
47.61
-1
124.39
226.18
101.91
288.13
-1
-1
-1
279.87
52.98
221.79
269.81
59.03
257.62
-1
82.27
76.54
-1
-1
100.91
-1
-1
72.31
208.58
78.17
49.39
259.7
-1
240.91
305.73
-1
256.42
284.65
-1
273.51
86.85
54.91
275.7
-1
47.41
-1
-1
282.59
285.84
-1
287.19
52.35
259.14
-1
63.85
-1
241.01
261.76
260.39
-1
97.73
-1
-1
-1
-1
304.46
-1
-1
-1
-1
245.1
-1
270.3
283.43
288.82
-1
97.33
56.64
25.6
-1
96.77
69.56
54.36
253.35
229.63
52.82
273.28
-1
300.02
120.24
67.87
-1
272.04
353.24
253.67
86.17
-1
-1
-1
273.83
-1
49.76
56.77
49.38
233.42
257.05
239.34
-1
75.25
239.5
48.25
-1
238.26
256.65
-1
74.69
-1
46.18
-1
60.67
290.2
244.13
44.53
66.73
72.87
86.43
-1
-1
43.9
-1
-1
246.22
79.28
229.15
-1
-1
267.43
-1
87.06
-1
291.95
230.7
-1
121.13
-1
-1
303.58
-1
258.78
-1
63.76
94.26
-1
58.67
264.72
273.94
49.48
-1
274.44
48.21
41.4
221.54
-1
306.53
261.97
265.23
-1
55.64
50.13
44.42
53.77
232.88
242.62
279.16
227.87
-1
131.03
39.99
-1
251.48
-1
276.81
50.9
-1
44.27
93.53
276.34
-1
-1
240.4
72.84
-1
68.93
-1
285.4
-1
75.4
69.66
60.48
59.61
218.44
-1
-1
265.45
273.97
62.29
259
-1
63.22
-1
291.09
296.72
46.38
284.34
245.01
287.46
-1
-1
39.85
274.46
66.33
-1
292.77
67.97
-1
-1
-1
242.02
235.4
98.14
244.27
86.62
76.93
255.91
-1
-1
254.58
-1
-1
-1
87.05
-1
262.14
262.75
299.06
-1
54.54
286.41
80.24
-1
254.96
-1
45.97
-1
-1
245.82
224.07
290.08
-1
-1
-1
116.46
-1
-1
-1
64.29
-1
251.36
234.07
244.13
-1
263.99
84.48
221.83
-1
243.33
82.16
286.6
30.36
55.18
242.29
113.65
229.95
63.17
-1
282.05
54.8
105.96
282.12
-1
49.8
-1
281.3
263.63
-1
287.42
58.98
230.55
49.46
260.16
279.45
-1
284.79
290
296.91
-1
295
-1
-1
-1
-1
54.92
-1
38.32
-1
217.91
47.19
263.92
73.05
250.1
282.44
295.89
100.65
283.11
-1
246.78
270.3
50.15
-1
-1
285.56
99.16
251.24
275.58
-1
38.16
77.22
72.79
98.86
-1
44.5
-1
32.36
-1
278.4
236.29
-1
260.6
-1
280.23
58.95
220.43
-1
93.94
47.42
-1
-1
262.19
35.46
57.93
-1
40.67
70.35
212.88
287.43
-1
-1
-1
274.67
355.99
212.55
77.79
-1
278.03
84.41
101.48
225.65
-1
277.99
52.88
266.38
280.07
67.23
-1
81.76
300.3
-1
243.97
278.36
54.7
-1
-1
266.06
56.44
-1
-1
182.17
280.67
248.5
295.62
262.58
-1
93.94
288.27
82.4
73.24
34.01
-1
-1
244.51
279.23
279.22
295.3
241.01
-1
53.4
60.49
80.81
305.81
-1
258.94
-1
114.33
283.09
-1
-1
272.16
274.44
-1
267.9
-1
93.33
97.38
-1
275.39
-1
-1
269.23
-1
57.88
281.28
97.63
-1
288.04
240.9
-1
298.69
-1
68.38
-1
-1
287.43
66.89
35.9
245.39
291.33
-1
269.92
85.56
96.22
47.7
37.33
-1
-1
277.19
283.9
288
111.55
-1
234.17
249.97
273.54
-1
81.37
84.92
82.65
-1
262.19
59.3
-1
-1
-1
284.92
-1
36.49
51.02
267.08
269.7
73.18
45.94
269.7
287.9
-1
242.14
284.21
240.67
45.07
322.2
-1
-1
273.94
-1
240.88
-1
288.92
-1
77.87
234.9
71.61
119.08
80.27
97.22
279.65
203.94
-1
58.2
-1
-1
264.3
256.63
-1
55.56
108.46
190.78
-1
65.3
-1
-1
77.98
-1
-1
252.82
-1
162.01
-1
102.96
-1
28.6
291.73
-1
72.32
-1
269.7
75.83
-1
70.47
95.84
87.96
297.95
78.24
45.66
-1
109.68
25.73
273.66
-1
-1
156.71
-1
-1
103.72
-1
61.92
-1
-1
69.66
100.5
-1
97.07
288.19
-1
64.05
113.68
78.11
227.58
273.26
275.97
281.48
300.56
37.25
-1
288.27
118.8
98.39
74.77
97.25
259.33
73.47
-1
287.78
36.55
208.48
117.38
94.47
86.16
237.64
50.37
258.91
82.77
235
-1
242.85
100.25
-1
76.26
-1
84.22
-1
90.21
-1
82.44
73.96
-1
290.43
-1
106.66
251.13
256.44
-1
-1
-1
-1
242.07
290.79
-1
71.43
175.75
-1
241.57
293.07
-1
59.94
-1
93.94
-1
-1
285.94
253.58
259.26
245.18
276.54
269.03
262.52
32.53
62.44
-1
236.37
-1
93.94
-1
-1
257.79
251.23
100.27
-1
64.23
38.81
-1
-1
57.56
-1
243.76
99.74
62.94
275.43
264.72
79.54
-1
-1
-1
260.88
-1
289.62
99.35
-1
281.54
-1
281.69
287.42
54.45
256.86
230.34
254.9
261.11
225.31
68.25
-1
278.03
124.58
290.98
93.94
51.01
-1
57.08
89.72
76.15
-1
249.67
230.87
79.51
234.69
266.06
-1
70.14
282.97
-1
73.85
62.93
-1
302.82
235.01
46.92
-1
300.03
30.92
244.6
258.72
237.65
69.18
-1
261.53
272.69
-1
-1
294.14
-1
54.71
72.92
-1
277.77
54.1
76.2
-1
291.7
294.63
-1
-1
43.01
-1
270.47
-1
-1
199.1
263.4
-1
235.23
-1
235.89
-1
67.2
45.18
-1
284.29
293.44
-1
58.88
-1
-1
-1
-1
269.16
273.94
45.26
91.04
54.36
266.81
66.24
-1
38.57
27.8
266.65
56.96
301.86
266.06
-1
268.83
50.89
252.95
64.79
46.08
273.94
-1
-1
89.72
247.43
-1
63.94
-1
-1
12.02
80.09
-1
290.92
60.23
-1
69.03
81.23
273.94
242.23
272.81
280.84
251.59
-1
-1
-1
-1
-1
72.66
286.03
-1
87.34
-1
-1
49.06
247.64
252.64
36.73
-1
269.73
248.32
35.31
-1
-1
79.43
258.58
70.2
-1
-1
-1
-1
59.8
228.82
-1
79.19
297.68
-1
-1
325.82
258.37
-1
95.49
281.11
-1
-1
295.97
244.13
61.31
-1
69.69
282.05
284.45
301.51
183.84
56.38
276.89
-1
75.04
50.11
254.16
73.55
297.28
31.53
-1
-1
251.45
-1
-1
282.55
82.42
73.19
56.14
5.48
-1
25.58
41.93
-1
66.66
250.72
261.39
-1
253.04
-1
-1
-1
257.95
-1
270.3
-1
-1
-1
116.96
94.45
38.22
101.98
-1
261.96
78.63
248.19
-1
222.35
120.47
-1
266.06
-1
67.74
251.73
-1
-1
273.02
284.03
-1
-1
97.85
230.03
57.37
308.2
102.28
261.34
-1
289.59
-1
288.96
247.68
229.11
271.53
74.13
230.23
229.31
100.99
-1
263.08
-1
246.53
46.46
233.05
248.58
61.09
-1
256.54
-1
257.6
246.43
256.69
250.06
279.59
69.1
-1
-1
-1
281.72
280.15
91.76
100.55
269.77
280.77
250.88
-1
-1
258.77
38.5
-1
279.7
36.04
61.37
-1
223.56
-1
298.16
85.56
-1
-1
-1
237.52
261.74
-1
86.06
-1
-1
284.6
230.13
120.45
74.14
-1
-1
291.13
86.21
-1
47.94
71.19
261.59
293.96
-1
-1
-1
64.14
259.33
-1
238.02
223.85
295.32
280.45
275.64
40.15
258.31
-1
241.9
-1
-1
245.68
280.25
213.58
-1
277.59
-1
270.46
246.27
-1
281.93
-1
292.06
-1
-1
282.87
-1
245.74
336.79
-1
-1
-1
39.01
-1
228.74
-1
289.44
298.89
95.58
295.88
321.07
228.41
287.11
296.5
-1
284.48
71.89
-1
254.15
-1
25.27
280.84
257.52
-1
269.04
285.94
244.23
282.84
-1
88.8
111.43
215.13
274.64
-1
49.25
-1
47.67
-1
273.94
346.69
117.08
234.18
39.75
255.21
84.5
251.75
257.97
80.46
102.37
294.79
278.32
287.69
-1
114.49
-1
47.6
65.17
117.66
245.61
-1
264.72
-1
80.4
250.22
50
231.82
-1
79.37
264.71
249.47
245.09
260.07
259.24
303.5
281.11
59.64
89.72
81.79
267.79
287.16
-1
50.45
261.99
-1
297.39
258.37
-1
229.7
-1
86.62
-1
47.69
182.18
294.03
296.7
37.75
-1
59
287.6
79
237.18
-1
292.9
-1
239.48
-1
-1
-1
-1
274.26
-1
226.2
-1
263.44
259.52
291.66
-1
248.44
-1
-1
100.68
-1
283.61
278.57
-1
-1
-1
84.7
232.94
274.26
-1
-1
93.94
-1
214.92
46.48
302.45
104.52
-1
41.01
-1
-1
279.31
-1
237.23
121.75
117.14
297.05
52.67
287.95
-1
-1
-1
234.57
-1
-1
259.2
249.35
122.99
69.09
251.57
-1
-1
283.73
255.42
259.63
257.81
285.53
-1
-1
-1
280.47
-1
248.49
254.4
-1
85.59
-1
230.89
279.62
244
260.43
-1
222.29
-1
59.99
118.17
-1
-1
-1
101.84
274.79
64.27
227.5
-1
70.13
64.15
46.72
-1
236.24
299.67
273.42
219.26
28
-1
-1
292.11
54.74
-1
-1
247.3
44.71
83.53
102.82
118.48
-1
267.55
-1
-1
270.84
139.06
46.01
53.23
-1
-1
48.8
-1
-1
263.76
-1
69.47
289.68
-1
-1
227.97
-1
-1
238.06
15.88
94.26
74.7
89.23
242.37
39.97
109.35
-1
227.57
225.3
87.84
57.82
273.94
83.22
-1
249.04
103.76
18.01
43.85
-1
106.74
104.79
71.27
234.36
79.44
61.54
288.91
-1
63.97
-1
56.78
60.45
56.28
291.07
-1
-1
109.96
-1
254.17
274.3
-1
73.51
73.51
82.37
266.47
45.97
-1
239.37
249.53
99.9
31.8
57.1
66.96
81
89.77
-1
57.21
76.99
-1
273.79
233.05
93.66
49.38
64.03
276.51
103.84
45.23
37.76
118.99
93.24
83.35
-1
-1
-1
49.25
-1
-1
73.34
244.15
-1
-1
73.41
-1
107.68
102.87
-1
106.99
-1
265.42
-1
78.86
-1
254.6
278.8
285.02
-1
-1
280.76
242.76
-1
290.48
-1
-1
-1
-1
-1
30.87
59.34
62.57
257.65
288.73
-1
289.81
60.86
279.62
279.92
63.47
249.94
-1
288
245.64
97.97
57.24
73.94
35.8
-1
102.43
59.86
254.17
254.16
-1
-1
-1
280.94
246.48
245.38
110.41
90.8
-1
-1
286.15
104.68
-1
92.22
228.92
83.5
103.69
-1
-1
60.23
-1
287.61
51.35
-1
61.03
286.88
58.3
25.93
239.8
-1
73.27
73.67
260.07
-1
244.13
-1
259.7
232.77
-1
-1
122.32
-1
284.66
217.52
296.73
-1
265.37
-1
289.41
261.41
278.25
-1
-1
-1
73.46
-1
99.79
76.26
298.75
51.27
-1
291.69
-1
118.35
84.92
60.52
263.82
-1
65.03
82.02
259.76
48.97
296.34
52.96
-1
71.69
-1
-1
249.37
282.55
91.13
242.57
239.87
289.01
-1
18.62
254.57
-1
-1
63.72
-1
249.97
73.96
76.06
50.04
82.96
89.77
228.44
-1
-1
-1
274.43
95.08
243.76
35.36
35.78
-1
-1
230.06
301.38
279.47
84.93
-1
277.61
-1
281.04
207.18
64.13
248.42
210.94
-1
-1
250.52
257.22
262.99
-1
-1
244.13
82.95
111.67
219.39
13.62
292.83
78.3
-1
-1
88.81
102.54
297.29
95.08
-1
-1
291.63
267.96
-1
250.42
260.07
-1
-1
289.43
77.11
74.47
-1
-1
269.7
276.51
308.91
-1
80.07
241.34
212.66
-1
100.66
-1
230.76
121.59
-1
59.66
-1
250.21
86.8
48.66
236.64
59.7
269.55
-1
268.93
51.59
-1
266.06
-1
51.53
71.44
274.09
221.63
-1
37.06
-1
254.94
126.3
262.84
-1
300.29
298.03
297.01
256.4
-1
43.27
-1
53.3
87.39
294.29
102.33
239.6
82.02
294.89
269.7
43.85
292.91
-1
-1
252.6
64.25
288.74
31.4
225.49
231.75
306.77
-1
-1
282.35
265.55
-1
-1
254.78
272.04
293.53
346.83
-1
71.67
291.38
75.11
353.49
279.51
-1
-1
66.2
47.01
265.36
226.85
53.48
65.66
29.37
277.76
-1
57.2
-1
258.28
-1
280.98
-1
-1
237.05
-1
295.85
255.58
34.57
66.5
-1
114.36
-1
59.08
214.71
309.21
-1
259.84
-1
-1
-1
-1
30.4
39.39
-1
290.21
71.59
79.73
43.38
-1
-1
-1
257.47
240.8
-1
102.54
81.23
52.22
-1
-1
272.56
106.75
273.02
273.94
55.51
-1
289.36
237.43
66.62
-1
-1
299.2
287.91
35.87
270.97
-1
242.71
69.36
75.23
-1
278.17
-1
47.67
-1
97.69
-1
-1
282.48
-1
295.08
272.4
44.97
-1
26.61
-1
-1
294.57
39.21
300.71
284
-1
285.81
266.06
-1
28.65
114.28
248.77
246.18
298.17
-1
-1
265.91
258.97
273.63
238.38
247.03
65.89
-1
93.92
261.67
-1
99.11
-1
-1
-1
-1
55.37
-1
215.84
96.35
256.54
299.75
-1
-1
80.42
32.89
-1
79.4
-1
92.62
-1
-1
40.4
285.83
47.64
-1
50.88
46.19
48.98
245.47
80.23
52.11
296.89
59.75
-1
98.89
-1
52.44
71.31
107.85
-1
297.44
283.06
76.03
253.82
-1
224.9
-1
250.88
285.12
230.68
97.09
-1
-1
279.57
89.72
253.08
-1
81.97
-1
60.36
46.51
-1
-1
298.53
78.12
-1
262.08
-1
253.05
-1
235.42
267.96
-1
287.45
341.6
-1
41.25
-1
256.94
288.37
42.74
294.14
118.14
-1
69.1
79.97
246.95
275.14
258.3
-1
-1
-1
-1
-1
287.23
273.28
-1
53.4
280
-1
280.9
250.25
-1
-1
273.53
57.06
280.68
273.24
79.15
-1
-1
275.09
32.71
-1
50.2
-1
113.37
293.67
66.58
281.72
-1
-1
77.85
-1
-1
-1
308.02
78.93
-1
280.74
246.84
226.39
240.91
293.89
288.02
46.28
24.6
-1
81.23
98.6
62.94
-1
-1
-1
300.16
62.34
82.27
99.75
-1
290.63
-1
-1
-1
288.62
-1
-1
74.15
296.77
-1
-1
82.15
57.7
-1
254.21
258.93
-1
296.4
267.27
62.09
78.71
-1
-1
-1
-1
-1
56.01
244.77
67.22
275.28
-1
-1
-1
288.1
-1
-1
249.25
-1
-1
280.31
-1
-1
288.16
220
42.75
286.13
241.52
293.47
42.97
-1
68.18
-1
254.07
37.42
72.75
-1
-1
-1
268.65
-1
284.85
348.16
101.27
52.86
102.13
76.33
335.88
75.17
240.12
303.05
-1
282.5
108.55
56.15
-1
101.58
-1
41.17
-1
58.51
96.37
75.88
-1
101.05
239.53
-1
82.92
70.42
55.04
43.8
275.71
53.77
93.35
94.34
61.05
67.55
-1
269.28
-1
-1
80.43
-1
96.88
279.24
-1
31.08
50.64
220.08
-1
-1
-1
45.91
82.3
-1
312.37
-1
-1
260.07
84.17
-1
-1
295.74
-1
86.06
73.19
109.83
90.28
45.12
63.91
248.65
-1
-1
82.22
79.05
89.16
109.36
77.93
272.42
240.8
287.12
-1
74.19
-1
-1
258.88
291.32
58.03
274.2
-1
263.45
39.56
95.71
-1
-1
65.41
51.08
-1
256.55
100.46
265.79
-1
83.44
276.68
52.46
47.64
96.98
240.57
306.74
265.42
46.01
35.19
-1
289.68
112.98
283.72
249.46
180.25
290.38
-1
239.75
229.85
-1
85.36
54.36
43.43
-1
50.35
42.46
23.19
54.01
-1
91.23
-1
232.85
48.84
59.6
291.12
48.86
282.32
267.76
37.56
244.86
76.01
-1
123.4
273.79
-1
94.81
68.42
239.03
-1
286.6
260.08
51.24
-1
57.1
261.1
294.28
-1
85.51
229.05
106.56
288.36
-1
-1
279.4
-1
69.67
-1
-1
95.56
-1
28.27
46.21
67.25
301.27
-1
-1
249.32
94.64
273.66
252.48
227.94
75.05
103.55