216.75
302.5
282.52
-1
-1
-1
78.51
-1
233.78
239.98
-1
56.21
221.77
78.75
-1
-1
-1
-1
-1
-1
283.41
-1
250.12
-1
293.1
232.35
297
80.83
-1
-1
-1
304.87
-1
232.91
-1
256.37
-1
82.33
77.42
-1
-1
-1
-1
-1
248.95
293.58
-1
274.49
104.79
223.9
297.22
273.35
72.23
-1
50.95
-1
66.11
81.63
228.69
-1
291.55
-1
51.73
250.11
-1
302.13
282.52
241.3
80.48
289.66
234.9
286.36
33.22
59.72
-1
292.52
22.26
38.14
92.96
258.45
-1
-1
-1
85.56
58.96
-1
246.53
246.78
-1
96.59
98.06
-1
67.03
47.97
78.9
-1
91.17
125.76
262.05
68.27
-1
-1
256.11
64.91
232.77
-1
293.61
258.14
280.21
-1
92.04
-1
245.33
273.66
-1
45.19
258.52
51.61
65.68
-1
47.08
-1
84.99
232.4
-1
-1
230.47
-1
-1
272.89
346.71
-1
-1
34.73
302.1
243.07
254.01
230.9
100.23
273.99
274.77
-1
56.89
292.03
87.25
-1
84.52
42.21
225.29
-1
258.27
65.89
78.29
96.71
260.4
304.28
89.25
283.84
271.93
-1
54.62
82.33
-1
122.18
234.75
82.22
72.53
241.47
50
300.34
263.88
87.98
40.56
267.74
299.38
-1
81.6
-1
300.56
-1
-1
94.87
-1
64.27
-1
-1
120.96
128.65
62.18
74.56
66.51
50.35
239.75
230.05
256.77
-1
278.48
88.02
63.63
274.22
256.17
-1
-1
67.87
229.03
286.01
300.95
90.48
40.46
283.38
257.6
-1
214.81
294.47
259.44
-1
62.42
34.28
237.27
273.34
244.13
-1
279.98
252.88
243.71
57.51
293.38
240.96
238.97
87.01
43.11
273.66
-1
304.41
-1
-1
54.36
92.35
295.74
274.64
-1
33.62
47.22
96.59
255.57
-1
-1
-1
90.28
-1
-1
-1
232.62
81.71
284.1
285.27
-1
-1
59.85
-1
270.12
-1
-1
246.28
-1
-1
-1
-1
-1
280.64
283.55
-1
78.55
282.24
57.58
90.83
-1
-1
-1
28.74
98.14
-1
300.42
282.23
238.52
42.09
-1
-1
74.3
-1
264.51
93.94
-1
277.78
241.51
-1
31.51
243.45
-1
261.03
177.83
-1
-1
262.27
93.94
62.7
-1
-1
-1
-1
286.18
-1
-1
270.3
279.66
66.96
101.7
62.86
24.09
-1
284.79
257.4
247.77
102.78
272.07
251.88
51.02
70.39
75.41
125.49
283.77
242.08
301.05
125.89
78.29
252.34
-1
286.63
70.77
-1
280.9
89.35
104.79
-1
282.23
56.74
304.61
-1
-1
33.28
-1
-1
61.54
246.69
-1
59.93
61.79
-1
258.27
242.18
284.85
72.87
35.01
-1
241.93
269.69
65.65
-1
234.94
-1
41.14
-1
44.06
42.15
-1
108.26
-1
53.22
42.81
301.54
294.29
72.41
264.33
231.4
-1
56.56
271.42
77.23
0.47
304.58
244.13
-1
-1
59.32
-1
259.63
31.6
-1
89.72
272.16
344.25
218.27
-1
115.42
-1
268.22
60.09
62.12
214.6
72.15
78.99
83.11
195.25
80.43
-1
44.82
-1
-1
-1
270.54
265.07
245.04
53.56
256.79
277.78
-1
60.16
278.59
56.62
-1
-1
53.61
277.23
-1
253.27
299.75
197.6
274.26
282.14
81.42
249.27
-1
80.92
-1
-1
53.17
93.94
-1
59.91
-1
276.02
-1
-1
113.9
77.42
-1
46.09
269.94
259.2
280.92
110.24
73.48
242.03
-1
93.94
-1
82.35
79.11
79.09
79.67
-1
70.15
-1
297.21
-1
279.57
34.36
288.66
257.46
305.56
-1
-1
-1
-1
235.76
281.63
-1
235.12
-1
101.8
240.8
-1
-1
34.12
93.42
290.49
257.78
83.92
277.83
-1
289.06
255.08
-1
-1
275.96
-1
113.46
254.01
298.43
-1
-1
269.16
257.5
36.05
-1
-1
258.62
67.3
63.47
35.18
94.47
33.65
-1
295.19
240.63
241.21
-1
82.27
77.69
29.11
288.53
270.76
-1
-1
65.31
289.04
-1
-1
-1
280.83
339.32
-1
303
-1
276.88
41.73
-1
-1
55.25
271.77
57.24
78.08
39.67
277.69
290.06
292.66
25.95
-1
-1
48.51
-1
-1
-1
-1
-1
97.65
262.28
207.84
246.51
269.09
-1
50.58
-1
71.79
61.53
-1
-1
62.65
-1
-1
-1
57.44
-1
297.56
-1
253.99
-1
-1
300.62
24.6
-1
-1
69.21
94.32
98.28
-1
78.07
-1
260.29
303.32
-1
-1
-1
273.94
-1
94.36
-1
54.08
100.85
-1
-1
243.07
82.27
109.97
-1
75.57
-1
-1
120.07
263.61
233.02
43.9
61.83
-1
290.93
81.94
67.92
-1
258.3
39.37
78.79
278.51
254
103.97
282.51
-1
270.43
-1
-1
289.34
-1
277.16
-1
-1
-1
251.67
333.01
78.93
358.06
-1
-1
101.51
58.56
290.07
-1
-1
290.98
288.22
-1
256.89
69.76
-1
283.27
-1
79.51
67.13
251.62
63.96
-1
-1
-1
-1
63.62
249.46
-1
90.26
49.65
245.9
281.83
68.27
88.94
281.83
-1
281.16
120.69
282.92
-1
240.2
235.25
99.84
-1
-1
272.81
65.69
112.32
79.31
-1
268.04
-1
-1
241.03
-1
-1
221.6
99.67
269.7
234.36
95.08
299.28
270.55
57.53
47.73
-1
257.05
120.27
247.29
-1
20.24
265
251.14
-1
80.21
-1
-1
40.66
304.31
60.25
-1
265.78
-1
20.16
86.06
-1
-1
54.3
281.5
230.88
-1
-1
42.99
-1
-1
233.47
257.77
273.94
91.28
-1
-1
231.95
61.21
-1
99.9
-1
-1
76.54
287.73
290.26
230.4
251.12
278.51
83.95
-1
-1
-1
267.13
249.99
290.53
-1
299.7
-1
283.18
78.93
42.04
80.48
265.43
-1
-1
57.29
-1
264.74
339.83
-1
100.76
35.89
266.14
-1
240.68
-1
234.88
108.26
288.93
-1
-1
263.16
59.51
240.74
274.09
78.15
293.07
-1
78.17
79.17
-1
-1
-1
-1
81.23
258.79
-1
228.9
62.93
73.63
-1
300.33
-1
-1
290.4
95.89
-1
230.76
116.27
121.5
94.44
-1
-1
43.98
245.34
-1
270.45
159.14
-1
292.96
-1
232.03
277.09
269.76
-1
-1
112.51
76.71
-1
72.7
-1
-1
-1
-1
-1
102.19
131.52
111.9
274.24
-1
72.35
59.59
68.83
-1
110.22
74.17
-1
-1
-1
304.74
-1
-1
-1
288.45
78.93
229.28
-1
-1
107.95
-1
74.58
32.14
-1
-1
81.96
271.11
292.03
79.19
296.11
106.83
-1
93.66
92.22
-1
258.41
108.27
278.11
-1
273.53
110.76
-1
-1
228.45
-1
-1
231.01
277.41
-1
53.29
291.72
306.25
-1
229.79
256.2
295.87
278.77
290.75
263.81
90.35
41.8
-1
288.58
-1
272.21
41.47
53.87
-1
314.92
-1
-1
-1
-1
218.44
289.74
264.58
104.88
243.03
284.03
47.17
205.56
230.33
-1
284.52
-1
265.86
260.69
292.56
273.53
-1
53.1
96.68
-1
275.95
282.5
-1
102.54
245.97
106
-1
51
211.11
75.81
64.8
283.35
71.41
56.6
-1
267.96
101.78
58.35
227.64
292.28
-1
-1
246.98
266.41
-1
265.33
271.58
-1
78.65
-1
277.91
90.17
-1
-1
234.36
-1
213.89
-1
-1
-1
290.52
-1
117.4
-1
244.61
43.01
-1
223.65
-1
242.49
289.08
-1
75.07
259.95
304.45
311.19
260.07
31.52
69.33
109.37
103.97
-1
38.06
-1
-1
96.28
108.83
306.8
282.37
290.32
250.3
57.48
230.76
118.77
278.45
250.39
75.65
225.9
279.65
213.52
-1
-1
-1
300.14
208.81
268.95
213.27
-1
-1
256.22
-1
251.89
51.49
284.69
87.96
83.13
-1
-1
74.96
53.18
64.7
46.24
72.29
-1
53.67
269.96
277.19
297.29
48.03
273.31
47.92
290.53
251.88
273.94
269.96
285.65
-1
-1
55.67
66.93
249.13
43.58
-1
31.79
99.46
100.84
-1
238.29
-1
-1
-1
-1
-1
98.89
63.76
53.04
115.24
278.23
83.68
61.2
225.26
51.14
-1
255.14
36.05
-1
286.48
-1
49.71
-1
281.5
328.14
304.35
295.16
-1
-1
-1
-1
-1
-1
279.44
258.97
-1
288.03
-1
301.86
47.2
-1
250.7
289.22
-1
-1
229.76
287.86
-1
294.75
232.4
227.58
-1
-1
-1
196.71
-1
244.13
55.65
56.16
-1
74.95
94.26
54.05
-1
274.58
-1
75.02
233.63
-1
313.66
71.64
-1
299.15
-1
289.93
95.24
-1
-1
34.31
-1
-1
-1
-1
29.93
46.66
34.15
316.5
267.04
252.81
239.11
-1
282.59
241.21
243.07
-1
273.94
-1
-1
-1
257.56
61.88
266.06
-1
291.99
63.02
-1
281.32
242.45
-1
-1
317.43
-1
-1
-1
-1
-1
80.48
49.71
-1
255.08
82.58
292.89
-1
259.32
261.92
64.83
282.06
-1
39.69
93.66
82.21
-1
6.99
-1
282.22
-1
81.57
225.58
-1
45.98
277.32
-1
23.34
-1
-1
113.43
264.28
287.29
261.03
51.46
71.62
276.24
297.11
111.83
86.17
-1
-1
-1
35.53
111.94
-1
-1
-1
53.12
252.47
-1
244.08
284.18
59.67
229.67
-1
-1
276.58
260.31
38.57
99.29
-1
103.63
-1
-1
-1
80.62
285.45
102.36
-1
220.65
56.1
224.38
-1
293.95
-1
-1
280.33
244.2
251.44
103.61
45.29
-1
-1
-1
-1
108.52
83.82
-1
-1
279.31
248.41
-1
-1
284.83
-1
-1
329.16
74.76
-1
112.61
-1
33.21
67.95
231.2
-1
115.57
282.02
234.36
200.76
69.36
-1
86.06
-1
234.74
248.38
-1
-1
65.23
47.21
236.8
285.17
-1
109.27
251.91
-1
-1
50.23
242.29
31.35
298.04
228.93
-1
231.88
-1
-1
217.76
75.69
294.22
-1
-1
298.19
-1
-1
-1
236.02
37.56
257.55
-1
80.25
259.4
-1
61.34
-1
60.55
-1
52.24
72.18
-1
88.74
-1
64.29
57.43
-1
93.94
51.22
287.4
274.26
271.54
280.54
-1
32.66
61.15
256.31
94.26
118.64
214.04
272.26
-1
50.77
-1
294.71
297.01
-1
50.13
-1
266.62
-1
-1
95.58
109.6
253.01
127
-1
-1
112.13
239.21
26.9
277.14
220.62
225.77
108.1
302.96
125.36
93.94
109.97
-1
-1
-1
291.25
45.17
-1
-1
292.28
-1
-1
48.22
74.04
277.46
-1
-1
299.35
-1
84.92
75.39
279.84
301.62
302.81
245.03
284.73
212.4
216.32
69.06
115.67
85.36
-1
-1
-1
278.97
97.87
259.52
-1
304.08
-1
279.79
248.38
277.58
-1
56.77
-1
57.2
225.59
-1
-1
62
292.68
114.52
172.13
-1
-1
302.65
269.73
-1
38.76
89.72
-1
-1
-1
73.41
-1
299.22
-1
-1
-1
85.86
245.39
239.9
75.25
206.25
67.68
-1
274.79
291.74
290.32
253.43
283.09
102.07
35.93
-1
224.98
-1
244.13
91.34
285.15
-1
281.05
233.99
-1
74.1
289.43
32.85
-1
-1
282.07
-1
274.53
61.88
-1
300.73
73.48
252.85
-1
256.07
232.98
-1
260.52
39.74
112.53
-1
-1
239.72
57.03
85.96
-1
233.78
-1
82.64
55.38
244.61
72.71
293.57
-1
74.1
253.39
-1
253.37
-1
73.7
52.83
73.28
245.79
272.17
278.45
-1
-1
-1
-1
224.25
-1
300.6
308.7
279.01
272.21
286.67
-1
273.97
-1
-1
-1
-1
242.46
249.11
257.1
258.65
285.5
281.75
-1
-1
260.14
281.51
304.91
259.02
-1
288.94
61.71
273.94
289.59
44.96
250.21
290.98
262.63
-1
-1
269.19
-1
116.66
-1
-1
249.33
66.82
287.2
141.43
64.42
291.77
277.58
-1
-1
-1
50.49
89.16
76.08
-1
284.96
80.48
84.56
244.13
66.77
135.24
90.48
65.16
292.08
93.79
83.56
27.91
265.66
77.96
78.3
-1
112.74
-1
115.65
251.74
-1
56.43
291.56
-1
290.38
293.84
-1
-1
264.86
110.81
232.71
-1
-1
101.84
-1
291.54
227.52
-1
-1
-1
39.38
-1
283.14
-1
-1
-1
-1
-1
232.22
279.45
290.38
67.51
-1
85.21
-1
-1
69.68
-1
86.34
-1
-1
-1
254.36
69.02
-1
-1
40.02
280.27
51.7
294.75
289.91
91.42
-1
292.54
46.68
273.57
266.34
293.99
277.2
-1
281.07
237.32
304.82
-1
69.55
51.02
69.46
-1
-1
273.32
99.37
-1
-1
48.72
-1
247.64
-1
-1
66.06
76.11
-1
-1
299.49
-1
-1
-1
246.09
93.94
-1
240.57
-1
-1
288.22
-1
103.87
-1
88.56
56.48
236.64
284.97
75.82
260.07
98.6
79.11
277.98
86.06
-1
-1
47.73
55.33
79.67
299.16
-1
260.26
210.41
-1
258.8
71.62
-1
89.65
247.63
78.66
-1
117.03
290.65
257.6
-1
-1
75.01
269.7
-1
251.96
-1
-1
124.2
-1
105.28
257.65
276.31
83.4
83.95
96.01
-1
285.66
40.95
74.63
95.54
85.36
32.01
31.12
28
45.2
-1
114.4
-1
-1
-1
33.96
219.19
-1
261.97
-1
-1
-1
247.36
41.62
-1
-1
223.19
51.42
49.55
-1
77.74
-1
-1
57.88
62.42
-1
284.95
-1
-1
-1
-1
279.96
103.01
82.24
-1
67.68
273.2
298.33
112.44
117.5
290.65
-1
309.4
-1
94.98
-1
72.3
99.64
-1
78.09
205.13
-1
260.86
264.44
55.31
55.93
65.71
272.82
-1
-1
244.13
-1
55
85.56
-1
75.87
-1
274.86
256.06
243.07
325.55
-1
262.15
33.91
201.94
-1
-1
264.95
277.22
247.15
71.67
-1
247.37
258.01
-1
33.08
-1
-1
-1
45.62
-1
64.89
263.86
289.62
-1
63.81
65.56
301
300.27
78.32
278.29
-1
289.35
-1
74.71
54.22
44.64
-1
279.54
66.89
254.02
73.18
43.41
81.84
356.42
315.02
113.07
282.41
246.04
59.96
-1
-1
80.53
232.03
-1
297.1
-1
303.11
-1
-1
63.81
-1
-1
287.61
264.72
301.32
273.94
93.94
56.58
-1
-1
57.4
291.6
269.77
-1
55.87
224.11
33.61
128.44
291.86
-1
279.93
233.01
284.59
-1
-1
222.95
37.37
-1
235
-1
237.42
-1
260.33
57.23
40.95
238.73
-1
95.4
-1
75.06
-1
255.73
298.1
-1
-1
73.12
38.28
37.29
92.41
261.26
-1
291.83
93.42
296.02
-1
-1
284.91
241.93
272.77
75.87
34.11
293.29
241.21
-1
-1
-1
76.94
98.3
82.91
92.53
-1
72.72
-1
338.45
-1
269.7
-1
241.1
260.1
71.39
-1
-1
92.32
60.9
-1
-1
261.76
215.35
217.32
-1
264.11
51.8
90.28
-1
-1
240.8
119.29
97.91
74.85
-1
-1
106.09
90.16
270.84
121.45
-1
-1
105.32
43.25
42.39
-1
-1
-1
257.8
213.32
79.66
278.4
281.54
-1
54.78
80.19
257.68
245.54
291.1
-1
-1
32.68
-1
-1
-1
289.15
107.64
43.94
-1
-1
244.12
-1
-1
-1
104.79
-1
220.02
52.35
89.72
268.2
23.38
307.41
169.78
59.65
59.94
105.93
111.85
39.35
-1
82.83
236.57
254.46
271.98
-1
50.79
233.29
-1
284.25
194.04
273.53
256.38
256.06
79.23
-1
287.62
55.04
30.07
49.4
-1
266.4
273.24
74.16
274.09
281.91
-1
255.4
-1
256.4
56.46
205.6
82.21
239.25
204.73
98.22
-1
-1
102.12
47.77
239.39
88.23
59.57
93.66
233.18
263.4
-1
297.05
-1
94.14
-1
237.26
90.27
248.83
-1
240.53
92.53
-1
-1
-1
-1
289.72
85.52
279.77
115.74
101.98
85.24
122.77
-1
68.3
-1
227.41
-1
93.66
-1
282.21
107.43
-1
67.42
244.14
-1
42.51
58.9
239.93
-1
-1
248.74
281.5
-1
-1
95.62
-1
254.04
245.96
48.52
291.79
-1
62.82
275.18
231.95
-1
75.31
-1
65.05
65.39
-1
247.25
-1
301.89
250.52
-1
300.13
224.13
229.69
284.97
-1
241.65
-1
107.83
48.37
258.71
224.2
284.82
-1
-1
63.97
119.35
31.02
236.28
288.87
61.25
89.88
284.56
-1
-1
75.41
-1
80.07
291.17
-1
-1
62.28
247.63
66.72
139.49
63.83
-1
70.11
76.54
201.59
-1
72.46
280.83
93.94
246.83
75.51
-1
270.77
80.2
-1
266.41
48.93
-1
-1
269.22
208.51
89.71
242.29
44.67
47.84
277.6
280.37
60.3
273.94
-1
83.18
-1
268.27
-1
311.14
299.28
-1
45.97
280.24
50.01
283.62
-1
41.39
253.97
-1
102.07
298.42
77.57
290.99
96.93
-1
-1
236.71
293.06
-1
288.03
283.24
294.38
250.45
268.88
252.78
292
247.84
250.81
275.88
234.23
237.75
229.34
261.93
-1
-1
32.69
247.29
84.89
50.59
281.25
273.94
-1
-1
-1
-1
57.55
263.65
-1
-1
256.87
-1
-1
297.55
56.33
-1
46.14
121.72
-1
40.66
240.1
91.21
241.41
99.55
61.38
24.21
-1
22.25
274.47
266.06
96.56
266.73
-1
269.78
28.78
-1
279.27
81.64
-1
264.21
239.88
263.71
86.28
231.61
89.72
206.35
85.94
-1
232.22
-1
-1
292.49
69.31
-1
-1
245.78
233.76
-1
72.7
-1
-1
262.96
250.38
234.22
254.92
43.66
-1
63.47
-1
84.44
297.22
264.25
51.11
57.85
63.78
244.13
279.71
-1
40.34
249.67
76.48
47.92
-1
246.21
92.42
262.76
57.07
-1
265.54
-1
222.78
47.96
-1
267.66
-1
50.53
-1
-1
247.68
-1
64.33
54.63
-1
-1
-1
93.42
68.03
286.93
291.82
204.74
71.1
-1
79.39
52.6
47.98
52.61
71.66
-1
247.23
-1
-1
263.95
-1
-1
-1
211.58
-1
100.18
-1
-1
262.39
252.46
260.91
-1
56.97
-1
-1
75.02
62.18
70.99
265.75
59.88
65.34
225.94
79.24
-1
-1
254.73
64.51
-1
-1
-1
256.55
-1
240.69
-1
-1
68.01
269.78
-1
279.8
256.38
-1
73.15
281.27
267.19
53.17
68.6
-1
269.7
-1
68.34
-1
237.75
-1
-1
61.68
246.39
100.04
254.68
250.79
53.43
-1
53.77
48.95
-1
264.91
74.06
-1
93.42
234.99
88.66
93.94
-1
52.56
-1
-1
-1
-1
98.18
281.56
290.62
43.31
110.65
62.53
286.05
303.72
270.06
62.83
58.93
-1
246.67
141.22
254.34
98.36
76.56
283.91
54.6
-1
-1
118.14
-1
-1
68.92
103.98
267.96
231.18
328.51
-1
245.31
51.57
93.94
65.97
272.31
196.35
249.5
-1
229.84
83.3
260.41
86.06
258.26
-1
258.14
260.45
-1
117.25
285.46
81.73
78.53
315.02
51.54
-1
-1
-1
-1
39.85
-1
-1
-1
82.92
-1
86.06
128.98
80.68
242.89
-1
-1
180.34
-1
82.21
-1
87.86
105.26
-1
73.7
78.3
-1
70.63
95.33
65.76
224.36
-1
260.16
79.12
106.01
-1
261.34
273.42
270.3
-1
238.68
84.33
81.23
-1
69.83
-1
78.5
308.55
-1
-1
76.54
51.95
280.44
-1
290.28
66.51
83.16
35.48
280.71
256.46
-1
301.47
48.91
90.01
81.37
279.51
97.8
73.63
-1
105.62
-1
80.28
73.7
84.92
-1
101.21
286.21
-1
-1
220.27
256.17
81.23
-1
32.7
-1
-1
-1
76.57
289.89
224.86
-1
-1
63.61
-1
-1
-1
-1
213.28
-1
-1
-1
-1
302.16
274.17
50.18
-1
59.67
248.8
240.93
-1
256.7
-1
-1
-1
271.78
-1
93.94
-1
276.32
71.19
-1
61.49
271.4
58.6
283.7
72.84
-1
-1
-1
237.43
257.65
-1
81.38
54.31
-1
-1
54.97
79.79
222.66
81.23
250.95
301.12
-1
250.18
-1
-1
154.84
-1
124.31
289.58
288.15
-1
40.94
86.69
-1
272.59
112.94
-1
237.98
56.53
117.13
-1
42.07
-1
-1
-1
-1
59.98
216.77
96.82
93.94
-1
-1
303.85
80.45
301.52
-1
289.91
236.79
101.53
-1
-1
50.98
-1
-1
-1
-1
-1
71.95
-1
-1
-1
93.53
-1
185.48
81.74
237.65
28.9
-1
298.59
65.5
-1
272.04
240.27
-1
64.13
309.69
279.35
258.35
67.68
-1
-1
-1
86.59
291.28
298.39
-1
81.45
50.56
113.31
238.78
281.89
60.16
82.22
-1
288.05
73.75
244.5
250.66
-1
-1
46.59
84.73
-1
78.66
262.47
-1
89.72
-1
124.22
75.52
265.3
257.55
-1
-1
59.26
269.32
-1
55.44
62.24
93.42
-1
89.23
256.53
269.78
-1
-1
-1
241.62
-1
-1
-1
-1
-1
231.89
-1
-1
246.08
-1
212.45
-1
275.97
214.97
-1
262.21
-1
80.94
298.93
306.19
117.07
43.85
231.95
301.18
93.15
72.01
101.63
-1
68.78
80.34
-1
61.21
-1
-1
119.41
59.51
107.78
62.92
244.13
-1
294.51
-1
-1
-1
281.42
292.16
64.26
38.94
-1
284.7
-1
-1
39.45
-1
234.41
-1
-1
301.89
-1
-1
-1
280.23
240.24
-1
58.85
283.31
44.96
274.85
91.78
261.69
239.23
74.39
240.08
-1
-1
66.51
72.28
-1
52.75
60.34
298.41
76.65
243.29
57.97
261.11
99.69
-1
82.03
244.54
301.69
-1
-1
62.47
71.16
244.72
298.05
-1
228.19
275.9
256.98
39.54
275.4
-1
269.85
-1
70.16
-1
227.07
256.69
-1
264.82
239.16
282.27
-1
275.59
281.56
269.7
60.61
-1
39.3
292.38
39.24
-1
67.83
38.85
-1
-1
205.68
74.97
241.1
266.2
-1
-1
-1
-1
75.29
-1
-1
237.4
280.54
282.29
-1
-1
290.02
-1
-1
89.7
232.44
243.81
-1
-1
51.02
106.73
214.66
-1
70.71
-1
281.87
286.3
301.5
51.76
254.54
289.2
-1
284.38
236.12
288.2
78.45
-1
285.31
-1
-1
32.94
-1
284.53
259.42
-1
-1
55.96
-1
336.52
249.05
-1
303.46
-1
243.51
50.67
227.56
42.12
254.09
-1
43.83
-1
-1
-1
234.87
70.5
257.62
291.02
-1
307.65
101.31
130.73
-1
-1
-1
-1
272.09
-1
-1
291.8
-1
-1
78.3
101.3
280.09
-1
60.7
-1
-1
-1
-1
264.72
267.18
-1
279.03
261.08
300.49
-1
-1
-1
273.94
89.73
95.05
256.84
277.75
235.91
-1
248.62
-1
245.06
-1
32.85
-1
93.94
118.61
265.77
93.94
-1
232.71
82.49
-1
259.89
282.14
86.38
-1
281.88
-1
26.05
-1
256.46
46.49
236.3
113.45
299.91
-1
-1
263.54
261.66
262.44
-1
59.46
-1
273.07
42.37
-1
73.97
87.4
297.66
-1
94.27
56.24
-1
89.74
282.37
-1
47.72
292.28
-1
-1
75.93
-1
-1
269.7
72.48
252.16
-1
102.21
-1
-1
-1
-1
-1
-1
80.67
267.82
235.93
287.26
-1
32.13
80.06
243.62
43.27
-1
-1
-1
-1
51.01
-1
98.35
98.04
265.56
-1
-1
-1
260.49
39.4
283.08
253.02
-1
-1
70.98
-1
280.94
-1
272.58
282.33
272.3
60.43
-1
279.9
39.04
-1
103.54
277.37
63.43
-1
93.07
-1
-1
253.7
297.13
243.07
203.15
-1
-1
-1
99.46
-1
240.07
102.91
24.54
240.21
-1
75.29
78.15
281.11
300.37
-1
52.2
257.84
269.7
-1
-1
91.49
-1
269.38
74.13
290.16
292.51
306.72
289.57
259.32
-1
-1
-1
283.78
273.94
62.78
50.53
258.55
-1
268.86
254.82
237.78
-1
237.56
-1
86.36
249.08
-1
73.78
299.45
270.69
57.39
-1
-1
247.92
275.58
282.3
-1
294.54
-1
40.44
-1
294.64
274.29
-1
224.78
265.56
73.13
274.78
-1
-1
53.02
58.18
79.58
-1
321.9
-1
242.96
244.13
61.31
297.41
252.22
-1
280.93
-1
-1
-1
229.26
63.6
-1
-1
261.89
300.05
-1
44.98
85.43
-1
42.19
-1
-1
-1
319.65
25.15
-1
239.93
-1
239.55
236.94
-1
125
85.43
-1
-1
-1
256.38
-1
-1
246.99
257.48
230.79
47.75
-1
300.87
44.59
260.41
-1
102.18
-1
-1
-1
-1
-1
243.46
-1
74.86
-1
-1
257.64
-1
-1
110.64
70.68
294.88
77.19
-1
-1
-1
263.95
56.79
219.52
-1
248.34
-1
268.03
-1
48.15
-1
336.25
294.49
60.67
93.94
289.49
28.2
100.75
-1
282.47
275.68
-1
64.16
48.17
24.57
55.4
274.64
-1
263.6
-1
259.6
-1
-1
237.39
284.19
40.64
89.69
240.24
46.7
36.84
42.89
-1
-1
89.56
36.41
70.26
-1
246.6
-1
109.57
86.06
212.1
-1
52.71
43.11
-1
92.44
-1
90.29
82.42
122.13
-1
208.84
100.69
107.91
80.23
-1
285.98
34.86
-1
296.22
47.2
90.84
227.89
120.44
112.84
-1
34.93
-1
-1
85.27
-1
-1
304.4
303.4
96.92
223.65
284.3
292.79
255.34
241.01
220.18
-1
276.44
281.4
234.36
62.62
231.8
-1
59
230.6
-1
242.26
295.2
-1
257.47
111.26
50.03
290.25
-1
284.29
-1
51.35
36.13
79.92
-1
280.42
260.07
287.59
94.09
-1
270.8
93.91
-1
273.65
62.85
-1
245.44
-1
-1
259.26
274.09
-1
-1
283.55
0.78
54
139.92
92.97
-1
40.43
253.66
39.36
-1
282.3
61.4
287.09
86.06
-1
277.54
-1
266.34
100.1
-1
82.36
-1
291.14
244.14
223.53
42.68
295.72
58.19
-1
82.33
40.01
-1
97.65
284.25
-1
99.5
-1
107.74
268.07
253.61
-1
267.23
121
77.7
99.93
274.47
-1
74.74
-1
128.7
279.77
251.89
-1
-1
-1
99.93
113.17
89.45
101.77
140.05
-1
-1
74.78
67.85
-1
266.06
-1
-1
245.08
-1
41.73
234.36
61.41
95.33
-1
-1
54.86
-1
302.16
14
246.78
-1
233.31
52.54
-1
80.36
-1
277.52
124.6
-1
28.93
78.52
94.16
288.86
290.3
55.43
55.46
105.06
-1
31.38
230.58
-1
75.82
-1
-1
-1
312.21
41.81
-1
256.88
70.56
247.78
273.53
260.57
71.09
26.58
-1
283.43
-1
-1
275.67
84.96
259.39
-1
244.91
251.33
266.04
241.99
-1
46.7
-1
220.72
-1
267.81
100.7
101.84
-1
242.77
88.11
271.72
104.19
97.67
81.57
-1
57.99
-1
-1
-1
299.58
-1
-1
56.2
77.76
44.14
279.31
-1
249.71
-1
39.08
286.98
304.21
-1
34.67
68.28
-1
269.89
-1
-1
253.14
-1
-1
299.71
-1
-1
-1
-1
-1
-1
-1
-1
93.94
257.36
287.24
220.31
218.77
241.67
45.94
-1
69.34
53.38
24.88
86.84
-1
42
249.51
70.77
24.31
260.07
116.52
273.65
-1
94.44
294.89
283.22
288.84
-1
-1
251.63
108.38
-1
201.66
293.75
283.56
-1
-1
302.66
281.47
38.98
251.99
138.95
71.57
100.73
75.41
229.95
82.14
87.72
-1
259.16
252.26
72.26
67.06
-1
-1
84.92
23.51
293.27
304.03
-1
-1
295.57
299.63
257.6
258.33
60.99
60.95
-1
-1
-1
226.1
293.97
90.28
-1
261.11
260.3
229
226.61
87.42
290.19
50.2
-1
283.29
278.77
-1
105.06
22.88
78.33
-1
-1
100.68
113.79
60.6
276.64
69.24
248.09
-1
150.81
-1
-1
46.73
55.15
247.77
105.88
230.47
290.57
123.87
-1
85.57
-1
58.34
301.51
100.76
81.11
301.8
64.53
254.72
-1
233.18
-1
217.59
259.25
93.94
235.96
79.54
288.61
-1
36.74
-1
-1
59.3
158.02
48.19
-1
-1
-1
284.26
262.57
-1
78.02
283.29
27.42
-1
256.12
289.67
239.69
263.51
239.98
-1
-1
265.86
302.52
57.31
66.92
63.87
251.53
-1
87.12
67.67
306.01
-1
290.9
295.77
74
-1
-1
252.96
-1
271.19
90.5
75.92
-1
53.66
63.44
300.52
-1
-1
231.76
234.84
65.42
-1
242.58
268.68
-1
300.5
270.86
242.29
124.93
249.16
-1
-1
56.46
-1
44.52
-1
255.21
232.51
-1
283.08
40.13
-1
188.34
42.7
280.04
280.98
35.58
30.23
251.87
-1
354.33
-1
-1
102.33
45.33
-1
-1
77.39
88.71
283.16
24.69
-1
300.17
-1
106.84
83.05
300.68
-1
-1
207.34
252.95
62.88
284.63
259.04
-1
295.38
-1
220.1
-1
254.12
301.07
271.7
285.59
-1
-1
284.18
-1
215.41
262.77
258.02
295.17
35.21
71.51
39.12
-1
-1
-1
-1
69.25
256.95
37.88
78.03
281.83
57.47
-1
-1
78.83
-1
257.29
259.49
236.15
-1
82.83
-1
248.98
120.86
276.51
69.94
-1
233.35
109.13
-1
234.58
-1
66.15
-1
-1
10.54
-1
-1
-1
-1
257.55
59.07
-1
28.39
-1
-1
41.57
-1
49.66
-1
235.25
246.86
50.6
228.84
108.3
-1
-1
265.35
303.14
256.73
100.91
245.75
-1
65.93
286.96
302.76
78.71
243.31
-1
306.28
79.26
-1
234.29
305.77
-1
58.95
-1
-1
293.74
64.64
275.28
247.74
280.04
-1
278.36
249.26
280.15
314.07
261.96
-1
50.39
303.51
86.21
-1
281.28
71.2
-1
-1
65.07
54.88
130.23
-1
255.42
-1
89.72
-1
291.11
67.75
51.46
-1
273.94
82.36
-1
-1
31.04
-1
210.93
72.69
-1
252.08
-1
289.16
230.22
94.83
-1
258.41
-1
-1
-1
248.92
81.84
47.92
-1
79.56
67.93
51.86
-1
53.06
281.61
-1
210.34
61.09
236.41
232.15
-1
-1
261.11
77.24
78.42
-1
96.17
-1
283.05
103.41
253.1
-1
99.96
214.1
-1
257.79
58.56
-1
281.85
-1
261.28
263.75
29.71
90.67
235.28
62.83
307.49
261.11
275.67
289.65
-1
-1
58.18
58.08
-1
248.03
128.75
251.7
67.06
-1
293.61
-1
307.04
-1
-1
236.52
-1
253
295.24
77.85
-1
281.04
246
262.6
-1
277.44
106.47
236.25
-1
37.97
-1
-1
74.78
104.36
233.26
253.73
261.09
272.16
41.73
259.11
-1
26.64
-1
97.27
259.39
118.39
58.39
237.92
272.65
269.22
256.45
82.07
70.22
-1
243.76
90.98
78.2
276.31
-1
273.53
-1
-1
257.39
270.55
285.17
94.09
244.13
-1
274.64
-1
281.65
357.13
263.64
81.5
244.15
65.26
212.65
-1
302.32
288.49
220.8
-1
54.7
3.59
63.47
281.53
78.75
88.28
87.48
117.86
250.47
64.29
-1
60.86
55
305.98
-1
259.63
86.89
-1
214.28
-1
-1
235.29
282.55
252.7
59.05
276.94
216.07
-1
-1
-1
86.06
239.16
260.63
272.81
22.04
-1
252.25
78.43
-1
-1
264
273.94
289.02
-1
276.82
282.99
77.35
-1
241.04
296.81
95.87
250.62
-1
38.84
275.17
59.4
255.4
-1
251.2
280.07
59.6
-1
265.36
262.07
-1
287.81
52.96
-1
-1
129.99
-1
86.68
-1
236.46
43.64
-1
80.15
49.49
240.75
57.66
273.79
58
84.12
78.12
35.38
273.94
-1
-1
273.42
-1
-1
282.1
-1
-1
256.48
285.31
-1
253.65
-1
251.79
-1
-1
-1
-1
-1
295.87
293.09
90.65
274.59
287.66
234.79
-1
264.96
292.71
-1
-1
-1
281.38
-1
42.64
54.73
351.33
260.16
81.65
287.78
247.55
68.27
116.51
-1
241.43
282.12
282.41
269.32
83.95
-1
273.53
-1
238.22
-1
-1
-1
-1
257.16
-1
288.46
46.9
282.97
255.24
-1
289.04
265.79
233.56
-1
-1
-1
243.76
235.31
67.69
109.67
90.72
231.99
350.24
305.6
-1
290.16
56.42
302.96
-1
271.86
47.71
70.39
43.02
65.91
243.52
-1
266.8
-1
80.07
285.16
-1
76.02
85.91
281.69
265.65
-1
112.27
98.87
-1
102.17
49.46
83.77
272.26
248.62
-1
47.2
-1
-1
292.65
279.69
232.65
255.43
221.94
63.88
256.2
286.36
-1
73.78
-1
298.91
83.77
79.9
-1
-1
98.75
257.12
51.36
-1
270.23
41.57
255.95
-1
-1
-1
99.74
86.42
-1
-1
-1
-1
269.7
-1
318.19
44.93
97.79
-1
306
68.44
260.66
-1
-1
-1
-1
-1
-1
41.76
243.7
93.66
-1
73.01
126.59
67.68
-1
258.22
280.57
-1
98.15
273.94
-1
226.01
63.68
-1
218.16
59.48
-1
-1
66.28
-1
46.38
70.61
-1
-1
-1
180.25
286.26
91.19
60.74
304.29
51.81
-1
86.06
83.32
53.17
287.21
49.81
74.86
265.16
299.44
-1
266.56
266.51
-1
99.25
-1
-1
93.94
-1
-1
212.76
-1
-1
263.51
293.42
-1
38.92
90.45
299.86
277.37
109.56
285.72
302.4
50.55
-1
42.16
31.82
11.26
49.86
-1
276.7
243.55
64.14
-1
236.5
253.52
59.83
254.08
-1
-1
85.19
56.86
254.59
70.34
277.77
75.05
-1
45.28
45.79
244.15
275.42
115.43
118.57
-1
-1
263.05
117.04
66.24
-1
41.44
282.43
-1
250.13
51.76
-1
-1
46.29
297.07
56.72
278.2
68.78
282.77
-1
-1
245.02
242.74
273.42
-1
47.74
-1
288.39
-1
259.32
299.2
55.75
69.09
269.7
122.64
52.03
52.68
-1
78.64
274.09
286.76
-1
300.36
290.59
-1
51.8
291.33
-1
341.53
65.63
-1
-1
-1
56.64
256.78
71.73
24.19
287.51
21.56
297.3
291.06
49.25
-1
235.81
42.29
85.4
-1
322.26
243.42
44.85
78.41
-1
285.26
71.57
-1
-1
59.89
269.36
221.41
284.28
228.39
62.75
230.66
264.36
-1
-1
79.71
258.92
72.16
-1
289.44
62.68
250.12
-1
254.45
-1
250.57
-1
-1
90.07
262.07
-1
279.53
283.17
53.91
-1
287
68.21
46.62
270.31
274.47
-1
-1
87.14
-1
-1
-1
285.03
-1
-1
49.9
102.05
165.92
242.38
49.81
249.68
-1
96.08
302.08
-1
-1
281.97
92.45
284.79
-1
294.28
73.56
254.7
242.25
45.71
104.63
-1
43.2
119.82
-1
-1
279.38
261.93
244.54
265.36
260.01
-1
280.01
24.32
40.88
-1
292.63
-1
-1
44.72
44.05
43.63
-1
281.65
-1
112.28
234.13
43.07
-1
280.18
257.45
37.96
-1
63.76
276.87
95.63
197.46
68.93
214.89
283.86
-1
-1
102.94
108.49
245.83
-1
-1
60.74
-1
-1
-1
-1
266.06
301.77
-1
190.08
-1
297.64
53.19
275.54
241.25
-1
-1
-1
253.85
-1
261.08
245.5
295.91
64.51
-1
262.35
264.72
96.01
80.69
-1
243.76
89.75
303.2
50.7
257.22
269.34
-1
269.02
102.55
292.37
238.15
55.66
87.65
104.51
-1
281.89
291.24
281.53
151.01
118.23
282.14
-1
276.75
91.7
67.98
284.51
-1
255.07
37.74
283.17
300.46
244.16
-1
236.71
-1
302.06
31.2
258.32
121.82
296.2
69.65
285.67
301.59
29.94
-1
291.96
292.29
77.35
-1
50.48
253.29
243.76
40.56
301.77
62.29
311.46
246.65
-1
258.64
58.81
73.73
-1
-1
-1
290.46
-1
285.71
260.9
-1
-1
253.7
120.82
-1
269.78
269.78
33.39
36.97
-1
-1
-1
68.75
60.67
266.06
24.56
37.27
255.04
-1
233.75
-1
264.72
278.17
-1
38.79
292.71
257.61
-1
258.14
47.91
-1
302.08
-1
93.94
269.7
38.7
268.66
57.54
68.06
50.36
262.27
102.7
100.04
103.67
47.81
-1
231.34
298.18
27.73
112.62
284.91
-1
89.72
246.62
50.55
234.36
206.62
297.63
269.7
242
-1
297.28
273.6
250.1
296.25
-1
-1
-1
243.78
227.14
-1
67.57
-1
233.18
290.51
272.16
60.91
66.52
-1
56.65
-1
299.34
-1
-1
-1
234.34
280.38
-1
36.12
91.22
282.61
297.76
77.9
58.43
262.05
-1
-1
73.37
-1
85.91
-1
-1
276.76
101.98
334.02
-1
277.75
-1
-1
248.46
67.54
50.22
73.93
73.46
224.85
52.98
60.29
58.89
259.15
268.21
253.52
-1
84.92
282.65
-1
106.39
-1
-1
-1
-1
125.66
68.55
119.65
-1
97.94
60.06
260.15
40.96
-1
56.97
298.74
269
-1
82.22
230.96
92.53
289.38
244.49
-1
-1
244.13
-1
-1
219.3
294.58
-1
-1
-1
229.8
105.33
-1
-1
-1
-1
-1
104.89
263.42
-1
285.88
279.82
-1
253.13
-1
52.77
99.93
269.07
58.66
-1
41.51
71.5
-1
220.13
-1
267.6
-1
62.03
94.73
-1
274.71
69.96
96.44
63.75
-1
249.27
-1
275.98
71.14
48.82
297.44
-1
49.16
-1
264.16
275.38
78.42
227.18
293.85
260.07
79.28
-1
279.42
239.94
77.9
-1
294.8
197.87
245.24
86.95
32.49
277.08
-1
-1
290.18
228.33
289.75
268.84
75.21
-1
260.82
-1
262.67
290.54
74.79
58.02
259.96
242.99
-1
288.72
254.67
57.68
-1
-1
124.12
118.91
99.36
302.07
-1
93.13
-1
75.93
52.87
284.83
81.48
53.69
348.91
284.16
268.52
266.94
-1
225.29
69.13
78.06
110.3
-1
-1
61.61
266.59
291.78
-1
-1
54.15
80.43
41.97
-1
128.64
262.31
262.27
-1
-1
113.72
-1
58.41
274.09
-1
-1
279.5
-1
225.46
-1
297.08
233.65
78.7
-1
-1
60.06
281.16
-1
-1
74.7
277.49
258.32
-1
61.4
305.63
283.83
226.03
-1
300.59
-1
235.34
-1
230.75
-1
-1
40.39
-1
232.85
73.8
-1
283.36
303.98
85.98
-1
232.52
64.55
282.97
247.76
-1
103.59
93.66
-1
249.64
-1
147.89
258.75
-1
-1
82.47
49.38
-1
261.4
-1
-1
-1
50.22
82.48
-1
67.37
306.7
-1
27.44
52.02
281.86
-1
264.93
316.02
-1
276.43
111.22
51.01
57.05
-1
56.7
101.54
66.79
-1
-1
279.6
263.1
-1
235.76
-1
53.14
251.13
-1
273.42
-1
74.9
69.87
-1
108.03
-1
-1
133.72
53.28
89.64
-1
254.31
-1
257.6
78.25
103.1
242.66
79.82
258.38
317.21
-1
-1
269.7
-1
270.57
-1
239.57
-1
50.34
-1
-1
117.31
81.65
82.11
36.92
249.31
301.3
56.15
308.33
304.3
225.5
249.63
104.49
225.58
280.79
273.55
264.53
-1
246.05
114.36
256.5
-1
60.07
-1
111.47
269.78
187.16
-1
-1
88.65
66.68
-1
-1
251.56
274.65
263.94
100.65
93.42
252.21
244.36
233.68
-1
30.88
79.13
215.24
89.65
269.93
284.89
-1
279.88
247.98
309.95
60
107.13
-1
90.28
97.86
243.26
67.32
281.25
255.54
49.79
59.21
287.88
-1
-1
86.06
-1
224.32
43.07
255.62
24.57
235.28
58.43
-1
-1
-1
222.05
290.17
106.89
85.12
101.12
50.66
-1
-1
-1
283.92
288.97
60.83
87.96
-1
-1
235.78
-1
253.31
276.96
280.93
259.19
59.55
48.55
-1
-1
121.78
298.77
-1
85.95
-1
58.69
310.83
-1
230.12
-1
239.63
103.53
56.76
77.63
261.23
-1
72.32
242.61
89.92
46.27
-1
-1
273.94
82.15
46.11
-1
53.06
38.47
231.2
-1
218.7
86.64
44.24
227.04
88.35
-1
279.77
-1
-1
258.9
67.16
261.41
257.06
283
-1
64.19
-1
81.07
49.33
31.62
-1
285.67
-1
-1
-1
-1
-1
-1
53.57
281.18
250.42
244.19
78.29
60.05
252.54
300.92
47.34
225.35
59.94
119.37
239.79
251.54
288.3
278.53
-1
134.17
272.04
278.84
-1
53.7
-1
63.44
-1
270.08
211.15
271.81
63.73
-1
239.39
-1
276.15
277.24
54.43
247.04
-1
265.25
259.72
41.34
233.63
66.52
53.65
-1
234.41
33.04
219.52
76.54
-1
-1
-1
-1
-1
80.51
242.56
209.85
252.46
67.04
236.93
60.55
43.08
95.08
-1
98.28
341.5
282.28
-1
-1
286.7
252.65
282.64
280.75
-1
55.04
45.9
-1
65.3
255.6
81.58
-1
-1
62.96
108.21
-1
87.36
-1
70.91
-1
63.68
74.02
-1
73.93
-1
29.49
283.58
241.16
294.98
76.93
281.18
-1
240.68
298.34
299.82
57.38
113.09
-1
-1
240.76
-1
-1
273.94
295.95
-1
87.3
81.76
-1
81.74
-1
246.62
105.83
-1
99.38
-1
70.96
273.22
38.27
256.02
234.36
98.33
72.48
-1
68.66
94.26
269.17
-1
316.39
50.46
257.24
301.71
76.32
-1
76.07
269.25
220.52
-1
38.45
-1
284.68
-1
277.28
-1
-1
-1
273.94
-1
269.27
-1
-1
-1
261.32
-1
231.1
85.59
67.98
-1
61.34
303.71
54.23
60.33
244.83
263.48
273.94
60.45
-1
245.02
-1
-1
260.04
47.79
-1
97.84
106.55
37.04
237.21
-1
-1
-1
-1
-1
287.93
-1
129.09
93.94
274.26
72.07
-1
-1
-1
220.26
73.3
72.39
66.81
97
-1
-1
299.1
288.78
-1
293.77
-1
243.07
265.31
263.47
36.86
-1
84.61
81.81
-1
-1
60
282.97
66.31
-1
305.01
-1
131.17
-1
82.33
-1
106.49
-1
-1
251.53
-1
263.15
290.59
72.24
282.33
282.14
-1
-1
-1
-1
244.93
107.52
284.05
40.69
60.52
261.89
-1
276.33
292
-1
274.4
62.15
-1
-1
216.2
80.22
-1
-1
295.73
297.88
237.7
48.2
250.75
-1
209.41
285.49
-1
-1
-1
-1
-1
265.36
61.97
278.08
-1
-1
-1
70.02
-1
-1
-1
278.06
46.38
-1
-1
-1
-1
237.92
-1
60.12
241.8
-1
-1
-1
226.68
289.06
235.08
32.01
61.04
60.95
-1
115.95
90.85
37.95
290.87
-1
79.4
-1
-1
76.37
50.43
-1
269.49
-1
-1
284.13
203.15
114.62
-1
204.13
302.18
-1
251.37
71.92
265.5
58.93
212.24
-1
53.1
109.53
-1
282.58
-1
-1
101.31
72.95
101.02
284.74
-1
-1
95.06
66.61
254.98
257.17
275
238.73
-1
241.35
291.58
58.28
87.84
-1
81.85
-1
-1
-1
259.55
227.84
241.79
-1
102.06
306.12
290.7
66.99
-1
299.7
-1
-1
300.54
-1
-1
97.82
13.03
-1
-1
-1
289.06
53.6
281.75
228.03
-1
-1
74.74
-1
-1
-1
249.26
62.43
32.66
-1
290.49
-1
267.69
-1
293.05
-1
-1
311.03
-1
278.54
277.66
49.13
-1
67.83
238.67
-1
97.59
224.88
262.98
324.8
80.44
228.97
291.09
44.15
74.34
248.95
44.88
77.07
291.02
-1
-1
-1
72.34
257.6
-1
-1
-1
269.66
-1
285.66
31.12
-1
9.88
-1
266.06
281.65
272.17
275.28
-1
293.73
294.48
87.98
115.41
300.05
-1
80.69
276.95
38.36
122.61
254.93
-1
-1
54.56
34.11
269.33
285.7
101.73
-1
-1
243.88
-1
294.25
251.47
41.45
60.17
-1
-1
-1
36.27
220.28
-1
257.08
304.94
65.79
-1
282.53
220.86
108.03
122.98
277.99
-1
-1
259.07
-1
116.24
258.23
49.02
239.77
-1
304.37
101.14
258.28
-1
239.03
260.06
-1
58.8
-1
228.32
-1
277.76
17.47
-1
70.16
-1
102.81
279.96
57.66
-1
-1
100.75
-1
79.99
-1
254.72
-1
-1
292.36
-1
-1
282.92
259.71
281.14
261.69
41.1
76.7
-1
55.12
-1
-1
-1
-1
-1
-1
262.33
-1
52.82
-1
304.17
29.3
335.85
47.38
281.95
270.99
118.65
299.95
26.01
255.95
-1
-1
244.39
289.46
289.83
39.88
-1
99.46
282.55
273.94
-1
63.59
25.95
90.93
57.05
41.17
-1
252.24
-1
46.97
-1
243.27
235.17
239.21
-1
208.98
252.24
246.41
93.46
-1
-1
-1
56.51
232.29
-1
245.2
-1
285.17
75.44
250.69
59.95
45.26
49.67
-1
-1
37.18
70.77
205.98
291.71
-1
222.87
73.85
-1
55.58
-1
288
-1
-1
270.33
-1
244.13
-1
-1
-1
292.34
-1
-1
31.9
82.83
74.84
297.32
246.32
-1
303.64
289.37
75.83
60.71
48.59
38.13
296.47
-1
-1
300.25
259.07
55.24
254.22
280.3
264.72
259.53
250.8
-1
267.61
233.18
93.42
255.69
253.23
278.46
63.81
-1
213.23
-1
-1
283.65
257.95
36.53
307.51
300.53
44.79
-1
249.38
-1
92.58
44.61
73.28
-1
78.65
71.24
298.13
68.43
69.87
84.83
-1
257.46
249.51
248.65
231.89
219.69
-1
234.36
289.51
48.43
67.5
265.3
251.81
-1
242.29
-1
59.84
-1
-1
257.44
114.02
-1
276.75
-1
-1
55.18
232.96
-1
-1
53.05
119.88
81.67
69.11
99.01
23.29
59.17
-1
-1
-1
295.93
-1
64.35
288.61
86.3
-1
-1
77.91
74.47
157.62
-1
97.27
79.97
351.66
280.47
-1
-1
259.11
258.32
-1
296.22
-1
-1
55.48
255.4
-1
283.16
240.22
301.3
-1
106.68
86.34
257.03
298.28
235.71
38.31
274.62
-1
75.04
80.54
-1
292.22
281.94
109.82
-1
89.82
67.5
67.26
-1
-1
25.81
108.02
-1
250.73
259.89
-1
263.05
248.19
-1
-1
244.91
-1
-1
264.07
-1
38.56
63.93
50.36
241.3
45.22
172.07
243.47
281.33
-1
80.62
84.1
-1
245.29
286.12
43.28
92.04
242.44
229.05
-1
279.78
242.48
-1
227.93
-1
80.62
122.29
-1
274.48
52.18
-1
93.94
117.17
282.4
261.23
51.8
104.66
117.55
82.01
248.5
-1
274.09
67.3
95.57
281.14
53.18
-1
-1
201.63
59.44
297.71
257.45
-1
269.43
269.73
59.56
-1
258.77
73.51
-1
259.75
55.6
55.21
222.19
262.98
305.48
-1
275.86
-1
292.79
-1
300.41
-1
282.88
243
60.88
312.28
256.7
284.78
60.53
-1
78.97
-1
79.88
-1
-1
80.12
53.18
49.96
-1
-1
-1
-1
297.15
252
-1
283.43
278.22
292.72
228.28
233.07
-1
76.16
282.23
77.5
272.34
63.07
-1
-1
76.07
70.42
278.72
275.16
272.16
-1
279.72
250.69
54.65
-1
-1
251.2
-1
-1
172.07
112.53
203.88
-1
-1
209.7
257.1
64.82
-1
277.06
-1
74.73
257.05
282.05
-1
55.32
51.32
93.79
-1
293.08
228.34
85.68
279.3
304.54
288.01
80.5
282.6
280.94
194.58
-1
281.22
267.84
278.89
250.7
-1
259.3
266.69
-1
243.88
260.62
246.3
240.6
-1
-1
-1
284.79
-1
-1
-1
90.93
91.62
78.43
271.78
123.51
-1
47.17
-1
-1
57.04
53.3
-1
240.55
85.23
256.06
53.46
247.2
-1
-1
-1
-1
274.64
91.82
279.52
85.23
243.76
221.16
-1
-1
276.42
67.24
114.78
-1
37.78
-1
77.53
110.17
303.29
-1
106.14
258.53
-1
284.15
265.74
-1
85.02
71.7
-1
69.47
200.17
85.94
274.02
-1
103.41
275.81
-1
71.85
74.9
-1
75.13
-1
-1
276.16
-1
255.78
288
59.27
-1
278.64
-1
-1
-1
69.47
96.57
230.83
-1
-1
274.44
-1
-1
270.26
113.27
102.65
294.66
-1
248.32
278.3
49.89
-1
258.21
-1
-1
-1
68.44
237.6
66.54
248.15
233.63
-1
209.58
71.33
-1
253.23
300.7
-1
38.96
240.97
-1
56.45
120.96
-1
276.48
-1
60.98
259.3
-1
-1
190.43
52.57
263.64
-1
-1
-1
59.41
-1
280.34
279.04
109.4
-1
277.79
-1
82.26
300.36
24.76
273.61
-1
-1
-1
58.93
67.09
-1
-1
-1
-1
-1
-1
-1
-1
264.28
285.7
281.15
247.86
56.35
-1
-1
64.86
32.98
296.84
41.52
-1
-1
-1
67.6
-1
-1
101.89
256.95
-1
-1
66.82
-1
115.37
-1
-1
109.06
61.08
-1
-1
65.66
-1
232.45
-1
221.68
289.01
86.34
-1
280.27
-1
-1
63.91
40.44
-1
-1
66.48
-1
35.35
-1
-1
-1
-1
-1
-1
-1
-1
-1
-1
-1
-1
297.85
48.09
-1
-1
284.91
-1
253.8
-1
-1
76.74
87.62
291.75
109.91
94.33
-1
101.64
-1
-1
115.17
104.4
73.81
60.72
54.52
275.54
257.1
-1
248.16
85.98
-1
62.98
103.21
-1
-1
110.43
61.76
-1
108.09
-1
46.51
87.87
109.5
-1
297.04
-1
231.5
299.73
312.89
232.82
-1
101.39
73.82
44.8
74.19
49.3
275.62
253.52
283.93
293.71
45.48
-1
244.69
68.51
-1
-1
289.71
307.72
77.63
52.76
53.99
239.45
321.98
284.65
-1
76.51
290.06
260.31
56.05
272.88
250.31
67.3
57.7
242.51
293.02
47.37
-1
98.77
254.6
-1
-1
-1
58.96
291.44
39.68
-1
67.89
34.09
65.49
-1
-1
258.84
48.17
115.3
-1
-1
-1
280.58
-1
101.61
-1
-1
-1
-1
280.44
105.38
-1
292.93
279.03
-1
315.63
218.33
257.18
-1
-1
49.56
266.06
262.92
-1
273.53
-1
81.64
-1
224.01
46.23
98.89
91.02
-1
268.03
-1
30.92
286.39
301.72
285.34
79.16
244
-1
75.23
-1
-1
62.58
104.79
282.82
117.4
100.24
334.62
271.72
65.72
282.73
-1
-1
-1
-1
113.24
281.36
-1
75.17
-1
-1
250.95
284.71
281.36
284.95
-1
77.8
175.05
227.46
-1
117.36
281.51
-1
298.72
54.73
238.07
95.39
60.75
256.8
40.02
177.71
57.17
302.04
273.24
70.67
99.93
56.42
-1
71.68
266.06
16.48
73.16
224.05
-1
283.54
284.43
-1
220.65
292.33
41.46
88.66
-1
299.6
18.46
69.91
-1
284.03
-1
-1
35.29
38.92
-1
-1
183.96
-1
32.57
44.99
-1
220.33
70.98
-1
-1
-1
281.76
299.67
248
-1
114.85
89.04
113.4
-1
58.69
-1
-1
38.97
-1
329.26
269.05
54.36
-1
89.36
69.48
264.08
100.24
-1
281.27
289.92
207.53
124.63
60.54
93.94
60.79
239.04
-1
337.85
52.96
273.16
243.47
233.96
-1
71.75
-1
68.19
250.92
68.98
249.39
56.87
-1
72.41
300.54
71.24
269.74
-1
-1
36.5
77.48
-1
-1
-1
51.25
297.56
-1
251.36
306.16
100.46
-1
284.27
-1
83.86
281.94
-1
-1
-1
-1
76.92
57.88
227.42
-1
282.31
86.96
353.49
-1
-1
52.37
-1
301.33
249
277.19
36.43
279.48
-1
43.91
-1
280.04
99.34
81.66
260.18
-1
45.94
276.62
281.25
291.32
256.53
53.93
-1
-1
224.2
-1
265.18
288.34
214.39
251.9
22.8
62.64
-1
147.84
290.02
-1
289.66
288.69
53.17
77.66
249.56
245.43
-1
-1
-1
96.96
75.83
-1
-1
66.62
82.03
250.42
213.48
62.31
-1
-1
-1
275.14
-1
14.32
270.23
64.14
-1
-1
-1
268.86
32.72
219.47
24.33
39.5
-1
282.64
233.77
232.47
282.55
230.48
256.59
-1
277
-1
-1
200.59
284.91
291.58
240.24
242.87
258.94
259.24
11.44
95.86
67.67
-1
-1
-1
292.29
58.19
-1
34.11
95.08
342.27
269.61
-1
34.98
88.75
-1
-1
-1
74.76
300.01
-1
255.97
34.69
-1
-1
233.77
254.04
-1
-1
217.53
116.05
39.53
-1
-1
-1
127.72
297.77
128.96
51.19
-1
284.89
51.67
347.09
83.82
281.46
277.25
-1
256.25
281.54
46.11
56.43
260.31
-1
-1
63.45
260.53
-1
-1
-1
-1
47.71
-1
228.51
290.74
-1
285.05
244.93
58.16
-1
256.54
84.49
275.43
51.95
46.72
281.54
238.18
256.58
253.67
279.54
-1
-1
71.92
-1
-1
253.77
72.99
215.4
257.87
278.26
55.46
315.85
78.25
65.17
39.96
73.68
89.72
-1
-1
278.12
-1
-1
274.78
232.78
290.51
81.42
79.1
43.15
-1
93.79
60.79
-1
76.6
264.65
-1
-1
-1
-1
259.08
66.21
82.26
263.47
43.73
39.34
-1
75.54
97.28
57.03
77.53
-1
62.89
72.5
283.97
-1
52.37
78.93
-1
251.38
118.07
-1
229.86
66.52
242.12
-1
263.4
268.18
-1
75.78
-1
289.53
92.78
244.93
279.69
-1
-1
259.68
48.49
74.2
-1
-1
69.23
100.68
-1
244.48
77.05
-1
317.95
55.84
241.24
-1
48.17
65.25
289
-1
-1
-1
-1
54.86
74.67
-1
75.92
56.36
55.62
-1
286.8
74.74
-1
240.93
49.95
73.2
-1
241.15
245.34
283.52
-1
241.37
-1
89.74
-1
-1
289.56
64.14
-1
-1
-1
59.56
-1
295
-1
-1
56.21
-1
233.79
53.31
93.94
40.58
79.24
281.73
265.13
64.57
34.8
79.62
-1
269.89
87.28
43.52
61.03
-1
-1
-1
-1
-1
62.88
-1
278.3
-1
-1
-1
-1
292.83
-1
-1
67.27
258.14
-1
227.91
-1
-1
281.41
-1
-1
252.97
79.51
105.51
255.56
-1
77.57
-1
47.94
102.96
105.88
86.06
-1
83.72
110.07
77.9
-1
-1
48.09
-1
-1
260.69
-1
66.74
62.01
286.65
286.94
-1
54.36
99.82
-1
295.66
244.62
267.45
-1
-1
90.76
-1
-1
119.52
-1
76.14
287.37
251.81
260.48
63.85
48.54
224.43
-1
-1
50.29
85.7
-1
284.93
94.74
87.44
246.65
255.38
-1
53.97
-1
19.98
53.06
-1
-1
-1
283.23
-1
77.11
68.49
281.27
41.61
39.71
-1
-1
298.99
237.72
-1
51.12
26.11
89.72
263.68
45.53
-1
-1
-1
49.15
65.3
293.95
259.96
294.42
259.38
70.9
-1
50.8
-1
50.2
87.96
45.63
294.7
-1
267.88
-1
219.61
237.75
-1
337.92
302.66
221.67
278.22
86.06
67.11
279.89
-1
-1
75
258.32
203.53
113.95
-1
303.23
280.73
293.82
249.49
267.86
-1
320.97
284.09
67.27
286.72
-1
-1
-1
289.71
74.25
-1
-1
104
-1
72.99
101.04
68.61
-1
232.03
60.07
-1
-1
54.64
-1
73.92
107.45
62.74
52.31
266.95
291.62
83.7
-1
49.44
275.22
68.25
-1
256.18
-1
-1
263.96
-1
-1
-1
-1
268.14
280.28
55.75
-1
253.18
275.27
280.1
-1
301.68
290.17
279.39
52.22
263.63
255.89
303.42
281.76
35.99
-1
276.26
63.85
280.78
-1
-1
295.64
49.47
70.27
-1
-1
230.76
6.54
54.91
-1
42.15
239.13
80.25
178.47
349.55
83.71
49.85
259.72
249.41
72.42
-1
-1
80.76
78.93
262.91
300.25
241.12
99.35
132.89
95.94
98.94
114.05
257.27
68.41
124.71
83.56
44.03
-1
71.28
296.79
101.16
-1
102.61
78.41
-1
-1
-1
209.48
89.72
-1
-1
-1
-1
176.56
-1
282.46
255.92
51.7
300.72
90.92
269.25
48.12
297.96
-1
288.1
-1
284.79
258.67
264.34
38.65
-1
253.86
24.39
-1
277.43
-1
-1
52.44
52.88
19.47
96.76
213.02
34.68
39.29
-1
296.92
81.63
-1
256.33
-1
-1
-1
52.94
253.17
-1
251.4
284.02
-1
280.16
51.2
-1
120.84
-1
98.78
-1
283.99
48.11
281.53
267.66
-1
31.65
41.53
-1
-1
-1
-1
286.65
282.82
95.87
69.97
-1
-1
283.67
74.17
-1
258.6
231.69
-1
-1
292.14
244.65
278.48
238.31
254.68
174.63
72.21
274.47
-1
-1
252.34
289.97
-1
274.09
40.1
70.51
303.6
48.63
295.96
-1
217.01
37.46
-1
-1
64.23
58.1
282.36
48.59
60.47
-1
264.13
278.59
-1
284.2
259.88
281.25
-1
288.01
62.92
288.57
-1
-1
288.08
-1
-1
263.47
237.14
256.24
234.42
279.24
281.51
51.22
36.56
255.68
-1
-1
-1
72.21
253.64
-1
298.05
120.64
-1
-1
-1
39.93
58.75
-1
-1
66.36
35.83
-1
73.39
269.58
265.56
-1
279.4
-1
284.46
229.85
239.91
-1
-1
-1
-1
269.78
-1
-1
68.15
283.56
37.77
302.1
257.22
64.94
-1
299.61
85.22
-1
218.51
-1
41.31
283.06
-1
236.73
282.97
59.86
-1
-1
73.71
-1
273.15
77.29
-1
226.01
156.23
226.03
-1
-1
74.91
285.23
69.31
-1
269.7
278.43
-1
120.88
-1
282.46
-1
-1
59.72
33.94
30.36
53.05
248.46
-1
73.84
229.45
93.94
29.1
261.15
263.63
287.89
50.17
283
244.81
78.92
259.97
64.12
-1
93.94
267.52
103.71
263.89
94.47
71.63
45.28
93.94
61.04
104.79
286.79
112.45
53.8
-1
-1
248.08
261.37
77.48
260.86
-1
247.98
75.17
-1
-1
64.99
72.01
-1
-1
-1
-1
17.67
-1
-1
37.28
84.45
-1
96.28
242.97
132.52
-1
283.17
-1
297.15
-1
49.38
63.96
264.55
243.96
-1
256.81
49.92
29.89
262.33
254.71
-1
49.26
84.46
-1
283.18
263.19
-1
281.33
68.53
-1
244.72
270.3
54.94
-1
236.29
303.19
-1
-1
54.14
-1
-1
-1
-1
-1
-1
265.57
-1
316.8
-1
59.68
241.93
63.49
40.76
256.56
-1
219.98
239.36
69.45
-1
-1
-1
276.12
-1
-1
286.84
29.83
94.72
258.77
-1
358.22
54.9
218.43
82.68
-1
266.63
-1
256.91
80.63
-1
248.65
-1
-1
288.67
110.12
-1
267.12
281.6
-1
93.94
-1
-1
273.56
93.94
20.25
282.49
66.71
48.36
69.74
270
288.26
51.42
299.66
-1
-1
124.23
66.31
50.6
56.9
-1
266.78
-1
80.14
253.94
257.12
275.69
256.78
256.22
80.32
-1
33.19
290.52
-1
-1
77.18
-1
47.69
296.11
46.01
-1
253.17
-1
84.92
-1
73.27
113.15
263.5
-1
-1
306.4
98.4
251.11
232.1
-1
-1
82.14
-1
299.03
290.52
290.26
-1
67.99
301.39
-1
-1
307.02
-1
80.65
35.69
-1
-1
50.42
39.99
78.91
-1
-1
34.26
247.61
94.85
-1
-1
308.31
-1
296.36
-1
44.34
101.91
300.25
286.7
269.52
-1
-1
-1
248.48
52.37
-1
104.09
46.19
-1
-1
-1
240.28
19.77
42.59
65.96
-1
263.97
-1
45.25
48.15
98.45
259.7
-1
233.01
97.33
227.91
51.57
239.98
244.94
105.01
278.72
75.53
29.26
-1
81.03
-1
74.28
263.86
70.54
52.09
54.36
79.09
-1
42.68
38.53
57.34
-1
276.78
-1
-1
275.94
81.59
326.72
278.72
42.59
86.25
277.86
265.33
54.29
74.25
93.94
102.68
59.16
66.75
269.7
31.88
288
301.5
255.41
56.89
-1
-1
-1
259.1
78.93
-1
18.59
81.58
260.45
-1
-1
56.18
283.94
45.78
-1
-1
-1
-1
40.7
60.53
239.51
280.92
-1
281.4
-1
285.07
-1
281.99
-1
269.08
107.08
224.91
113.25
270.11
227.76
69.87
-1
264.72
-1
103.08
-1
234.14
20.4
259.93
242.45
261.15
75.79
-1
69.63
251.56
-1
54.85
-1
0.23
-1
-1
282.97
-1
-1
-1
296.58
-1
34
69.34
286.36
-1
-1
70.84
-1
-1
85.13
-1
277.01
340.29
268.85
-1
28.56
78.23
52.37
-1
-1
-1
298.03
306.74
288.88
292.8
-1
74.07
56.63
-1
-1
45.94
302.82
-1
275.73
287.87
272.84
-1
245.29
83.7
64.67
39.75
-1
42.99
281.12
108.1
-1
-1
90.96
54.35
67.32
-1
119.47
272.59
99.5
99.93
250.55
282.38
-1
-1
293.17
70.28
304.42
283.4
-1
259.22
-1
-1
71.53
272.34
-1
79.05
82.31
54
-1
-1
258.75
89.72
-1
150.87
46.51
106.54
-1
289.06
-1
58.31
288.81
277.87
47.45
99.29
289.39
243.42
280.52
300.88
-1
274.01
238.29
59.44
-1
72.12
298.91
-1
102.67
45.03
236.51
-1
-1
296.25
296.67
77.68
-1
292.51
269.14
252.58
260.13
48.07
-1
296.16
-1
57.77
-1
55.15
47.71
-1
-1
281.49
-1
31.75
93.94
-1
256.12
-1
-1
268.75
256.03
252.32
281.97
290.13
262.88
202.62
344.32
-1
-1
-1
259.11
99.27
-1
54.36
-1
337.25
-1
55.98
-1
-1
88.83
-1
256.82
65.48
261.23
240.59
238.11
-1
102.07
281.52
82.31
-1
48.61
234.38
-1
-1
47.78
57.91
-1
255.72
278.94
260.6
-1
77.26
-1
315.29
229.86
-1
-1
307.93
95.08
145.09
270.84
-1
297.12
-1
204.82
300.46
-1
265.15
232.72
251.46
290.21
45.53
65.18
-1
-1
-1
80.21
238.92
223.02
289.32
35.54
-1
261.94
50.22
-1
68.85
-1
69.58
36.66
-1
-1
275.61
287.63
242.91
289.44
273.27
-1
295.28
315.07
284.55
241.61
259.07
79.6
271.93
306.47
-1
46.18
-1
257.65
239.03
263.75
278.73
254.47
-1
-1
22.55
-1
256.31
-1
-1
238.69
158.12
256.97
31.11
-1
213.1
264.8
-1
288.29
-1
299.86
267.87
36.37
91.92
-1
250.58
276.91
-1
86.12
-1
70.09
33.55
246.47
286.88
231.41
81.85
287.09
282.92
262.63
111.53
-1
78.13
101.47
-1
109.5
-1
-1
-1
75.76
289.35
-1
-1
-1
-1
34.02
238.98
273.87
77.75
240.12
-1
-1
274.47
-1
-1
117.56
262.14
-1
-1
290.53
-1
-1
-1
76.15
295.09
279.03
263.16
66.43
311.08
41.81
-1
236.05
339.71
-1
86.06
-1
-1
48.78
75.8
119.8
-1
215.78
272.39
59.55
57.46
-1
-1
-1
51.71
-1
98.89
98.24
-1
-1
273.66
32.94
278.31
268.96
288.35
87.92
275.44
-1
-1
260.78
260.32
-1
72.23
251.71
60.23
-1
-1
41.35
254.09
280.47
263.31
74.55
59.72
59.1
281.54
-1
-1
298.99
-1
55.55
289.88
-1
100.71
-1
-1
272.76
-1
49.3
-1
57.92
-1
222.08
215.77
301.41
-1
-1
107.52
107.5
58.63
-1
237.08
242.29
-1
251.35
298.59
249.78
-1
-1
45.21
-1
234.76
-1
64.1
283.73
63.06
295.64
74.08
76.65
71.89
78.39
-1
285.42
-1
265.13
227.84
289.18
120.54
273.77
-1
45.53
-1
-1
-1
280.16
116.99
291.72
76.18
-1
256.71
256.45
247.06
249.14
-1
-1
314.77
-1
-1
60.64
65.17
280.2
269.11
209.59
277.75
-1
-1
245.93
-1
-1
65.84
61.83
-1
-1
296.68
27.41
296.15
248.05
-1
100.45
256.55
280.48
53.72
297.97
301.72
286.79
283.13
-1
283.59
-1
280.92
-1
80.87
269.77
311.59
-1
257.08
42.03
47.98
54.47
69.4
-1
252.77
-1
-1
228.39
64.15
-1
295.42
-1
311.47
279.93
294.14
78.98
-1
99.8
257.05
109.06
-1
110.9
86.58
290.52
287.56
243.05
-1
-1
42.92
292.88
287.31
57.41
244.19
54.1
-1
282.47
-1
-1
-1
-1
100.07
283.63
-1
277.73
243.19
66.45
249.56
305.47
234.65
280.75
67.82
-1
-1
-1
288.28
-1
-1
70
265.36
61.02
236.84
87.69
291.37
39.21
236.09
-1
282.41
242.4
-1
-1
303.86
40.67
89.3
253.42
252.53
283.75
47.5
-1
268.33
-1
39.01
35.15
277.26
267.43
50.18
97.94
-1
52.84
32.35
232.73
-1
-1
293.17
-1
-1
-1
-1
-1
78.2
258.84
-1
-1
-1
63.19
-1
75.55
50.33
-1
-1
230.05
251.35
-1
266.7
-1
-1
-1
93.94
234.43
53.48
279.57
260.17
82.83
-1
50.75
277.83
-1
-1
71.54
333.4
65.87
67.91
-1
37.42
-1
-1
306.91
279.93
304.49
-1
-1
-1
-1
-1
255.65
66.35
286.66
59.91
256.42
-1
239.25
-1
-1
248.88
282.95
52.6
31.77
57.42
-1
-1
-1
65.41
288.47
-1
292.69
-1
-1
61.39
37.96
-1
85.75
-1
-1
302.56
75.13
245.94
94.09
282.23
297.88
300.6
42.57
-1
245.44
79.88
93.94
99.5
40.26
-1
119.15
93.94
-1
-1
-1
-1
285.4
-1
275.43
285.13
-1
287.65
61.84
223.91
284.41
273.94
262.68
80.49
255.79
-1
-1
-1
-1
303.43
272.04
127.14
63.4
-1
-1
51.71
276.81
65.5
91.78
100.36
-1
54.62
-1
-1
261.8
59.07
-1
291.48
220.68
-1
-1
38.78
227.07
-1
53.99
-1
273.94
-1
33.23
51.9
-1
-1
102.12
-1
-1
-1
79.81
77.81
62.39
286.55
279.72
-1
-1
-1
294.68
79.05
291.47
-1
-1
-1
-1
-1
280.99
-1
100.78
228.64
119.29
67.54
279.79
231.8
258.25
-1
-1
-1
70.9
-1
281.89
-1
78.77
-1
262.27
-1
107.9
-1
297.07
-1
58.48
84.13
280.76
238.03
303.02
71.24
85.36
51.79
289.51
-1
304.99
261.89
275.5
-1
-1
62.74
266.47
-1
-1
-1
281.41
304.02
-1
-1
68.09
-1
39.96
-1
216.24
64.57
89.12
70.49
-1
62.41
-1
276.52
-1
-1
322.45
259.5
-1
-1
-1
297.52
49.62
-1
99.43
271.66
261.74
102.28
87.12
-1
-1
247.13
123.76
39.98
108.69
69.74
79.99
294.94
-1
81.91
-1
-1
84.01
47.31
-1
48.76
-1
58
81.96
43.11
44.55
60.42
45.91
-1
-1
62.3
-1
58.12
32.93
62.17
232.35
70.67
-1
243.69
264.22
273.2
54.34
233.87
-1
-1
246.78
271.84
100.22
61.88
249.51
242.89
64.13
271.33
231.55
-1
243.79
48.52
271.87
50.06
-1
-1
-1
238.21
86.6
49.79
286.8
98.89
101.42
-1
298.17
15.03
235.59
288.83
226.01
94.09
-1
-1
-1
-1
110.25
46.58
78.34
55.68
-1
261.93
36.09
27.97
96.47
-1
54.09
34.69
40.02
9.99
68.93
-1
93.42
-1
-1
-1
62.57
280.09
-1
289.54
100.36
-1
-1
41.79
256.07
-1
299.83
272.33
286.47
301.36
238.56
-1
-1
-1
37.82
99.14
63.82
-1
61.48
95.08
-1
-1
277.84
233.77
123.27
288.97
306.99
-1
263.3
-1
242.29
243.76
47.53
73.09
-1
327.52
260.42
80.56
231.87
273.42
15.24
-1
-1
15.24
221.86
79.12
69.79
43.13
258.58
288.85
18.86
-1
79.87
97.93
240.07
290.13
273.94
289.16
311.09
-1
72.86
-1
139.76
75.37
253.68
34.01
289.84
-1
77.7
49.99
46.91
256.34
100.49
71.8
-1
245.43
91.71
271.52
101.51
82.2
54.32
256.68
269
280.46
62.44
62.47
281.93
105.64
32.53
290.97
289.99
285.29
-1
-1
-1
261.91
-1
250.54
46.43
266.24
101.09
81.85
57.41
229.42
-1
308.51
70.07
297.57
-1
3.52
-1
273.61
-1
236.11
73.88
-1
107.46
260.18
261
-1
-1
-1
-1
253.18
26.05
84.37
96.58
106.08
-1
-1
228.93
284.52
98.41
-1
267.96
209.53
308
96.71
70.71
57.72
59.81
-1
-1
60.61
64.21
258.04
207.8
257.82
276.19
280.95
-1
-1
93.5
-1
336.24
59.29
127.83
76.82
-1
-1
48.14
260.87
197.77
-1
296.91
-1
61.09
60.62
301.33
-1
264.09
88.69
89.16
276.17
249.72
-1
-1
88.07
-1
261.74
227.64
-1
-1
262.72
103.86
252.44
-1
307.23
289.21
94.91
271.27
266.75
-1
-1
69.5
-1
-1
273.94
287.33
-1
252.09
75.07
-1
254.59
106.4
-1
261.02
-1
-1
-1
288
-1
305.76
-1
-1
72.68
55.39
301.2
102.96
-1
35.92
279.45
312.17
-1
-1
-1
26.28
-1
-1
31.43
98.45
71.78
-1
264.68
-1
284.87
289.15
217.42
54.54
-1
87.76
-1
173.93
101.42
3.84
66.21
150.51
108.26
273.53
259.32
263.16
-1
-1
69.59
279.38
74.01
-1
77.88
19.37
253.3
233.18
-1
-1
94.44
115.87
347.78
277.6
313.75
304.53
67.06
244.72
-1
284.88
-1
-1
61.14
101.67
-1
266.73
283.96
81.93
249.27
-1
240.73
-1
265.56
295.88
292.43
345.77
-1
-1
269.7
227.87
48.81
104.79
-1
94.64
246.08
211.09
-1
307.6
256.71
-1
-1
271.68
34.52
81.93
-1
246.69
75.66
358.74
37.39
-1
298.68
245.59
273.66
89.98
-1
242.74
90.75
41.87
59.6
246.26
-1
-1
52.74
123.13
93.94
-1
281.92
-1
-1
301.94
74.1
107.48
34.13
-1
-1
-1
46.51
36.69
103.56
41.9
-1
-1
-1
266.79
232.82
111.37
-1
266.91
59.52
286.27
99.45
-1
93.94
279.6
-1
-1
88.31
204.94
233.42
-1
257.65
-1
101.45
103.48
288.22
-1
256.4
298.43
212.58
38.76
-1
93.94
-1
256.53
-1
55.52
268.75
266.46
-1
75.84
246.88
288.04
-1
-1
-1
251.47
-1
93.94
-1
302.96
85.45
275.02
259.5
-1
266.58
86.49
73.87
261.01
58.5
289.14
162.84
239.69
95.94
67.25
29.97
276.55
256.75
-1
224.49
59.13
294.59
-1
261.69
-1
252.21
109.78
68.39
-1
274.78
273.94
47.41
320.86
41.21
-1
-1
65.93
243.76
72.46
274.52
277.83
-1
53.6
64.72
-1
258.47
35.62
252.83
-1
51.29
89.73
248.73
78.7
104.74
105.14
261.67
247.74
93.75
-1
62.44
-1
53.18
-1
110.61
39.04
-1
42.91
282.79
243.89
260.33
-1
-1
58.47
-1
-1
285.42
70.35
250.48
270.88
-1
37.29
-1
-1
284.86
257.26
-1
55.58
-1
-1
299.77
290.26
259.28
276.03
-1
281.99
265.31
298.77
93.94
-1
-1
104.33
-1
282.72
56.13
-1
257.83
44.24
341.55
285.14
-1
266.83
77.79
-1
-1
31.7
76.48
250.42
-1
-1
127.01
60.88
-1
85.33
219.8
-1
-1
115.17
54.7
303.04
-1
33.23
-1
254.43
301.97
248.47
56.99
-1
264.19
-1
-1
65.96
-1
-1
67
276.7
62.57
47.87
-1
-1
-1
84.79
128.92
246.53
94.91
-1
-1
55.39
117.57
96.41
93.54
-1
-1
101.57
-1
80.31
266.53
275.48
58.12
47.72
233.92
-1
-1
-1
97.89
302.34
263.8
270.02
232.77
-1
242.62
298.49
-1
273.86
-1
261.59
74.08
-1
-1
-1
282.4
239.79
221.11
85.14
-1
-1
72.9
254.81
223.15
280.67
-1
34.99
-1
111.31
293.35
80.5
60.66
-1
288.12
255.53
79.03
-1
280.02
284.64
54.25
52.77
-1
266.83
270.18
-1
216.83
-1
76.07
289.55
292.01
-1
289.4
300.91
344.26
-1
-1
-1
257.05
299.99
264.13
-1
-1
52.82
77.68
-1
-1
39.6
94.27
-1
-1
72.59
56.02
69.22
-1
-1
-1
59.03
61.16
209.99
244.13
80.07
82.81
18.91
119.73
308.54
-1
58.64
275.4
-1
252.33
220.7
234.95
-1
-1
299.92
223.75
-1
85.69
81.09
257.5
-1
213.51
269.78
-1
-1
-1
50.49
-1
-1
-1
-1
87
-1
43.3
108.65
289.18
-1
70.11
-1
-1
51.03
236.1
298.9
-1
245.67
93.94
297.69
279.96
254.4
74.56
-1
267.9
283.86
73.63
294.46
307.83
-1
-1
234.36
291.59
277.67
76.55
-1
256.35
56.23
288.92
67.84
-1
67.81
52.42
252.6
240.44
-1
-1
100.55
-1
-1
73.49
291.5
-1
277.77
106.6
247.92
255.75
255.97
42.32
56.54
-1
296.19
282.96
-1
279.37
294.97
51.05
-1
-1
289.76
300.18
-1
289
-1
272.21
262.19
283.01
241.32
-1
89.48
64.14
263.7
-1
-1
278.47
-1
251.99
-1
257.27
-1
63.5
235.74
79.54
-1
46.42
-1
-1
70.61
242.49
-1
-1
76.42
52.88
70.82
313.97
286.88
70.72
241.36
255.51
-1
217.03
253.66
247.58
251.25
-1
-1
-1
295.04
-1
277.82
-1
285.87
55.51
-1
-1
288
76.76
-1
34.83
58.87
269.67
280.73
-1
79.18
-1
243.46
282.97
-1
94.47
26.12
-1
41.57
291.04
269.62
-1
-1
211.18
332.35
-1
132.04
-1
-1
-1
306.88
-1
279.9
52.46
295.09
98.91
294.41
-1
-1
46.48
263.25
-1
253.22
255.62
-1
273.77
269.42
70.8
107.07
-1
-1
250.88
57.75
66.78
54.48
-1
-1
-1
35.6
228.39
93.22
239.05
-1
60.54
-1
49.64
93.88
61.65
228.13
124.25
-1
61.98
87.68
253.69
295.01
234.25
279.13
254.58
-1
221.91
279.9
64.36
-1
244.13
280.45
-1
260.07
73.7
263.05
-1
306.77
56.08
252.18
299.17
30.64
-1
48.66
275.59
-1
-1
59.04
-1
67.14
245
101.31
-1
-1
-1
294.38
291.96
256.6
243.27
266.42
-1
286.96
77.1
-1
82.86
-1
-1
254.43
58.41
42.32
-1
282.45
264.77
290.02
-1
304.01
225.54
256.91
247.85
-1
-1
257.88
267.17
62.34
270.84
247.08
-1
62
-1
29.29
293.09
85.91
-1
31.36
275.02
-1
241.55
78.14
219.26
307.87
-1
-1
210.38
92.43
-1
63.97
306.1
281.85
59.21
257.88
52.18
-1
295.99
297.37
288
264.29
252.15
31.4
-1
-1
-1
242.05
259.55
275.11
230.43
75.47
-1
295.24
95.27
277.01
-1
306.97
290.19
-1
75.81
39.28
279.5
267.96
-1
244.75
-1
-1
221.99
58.1
257.61
53.68
39.72
-1
66.43
-1
37.05
-1
-1
285.39
266.57
74.03
63.84
-1
85.68
67.48
-1
-1
-1
321.51
57.41
264.12
-1
115.62
-1
291.13
293.29
91.21
-1
-1
117.11
115.43
290.45
212.77
230.57
56.42
-1
-1
282.13
42.41
50.9
-1
251.59
63.62
242.08
-1
70.45
-1
-1
226.5
81.37
72.42
-1
268.75
271.48
67.39
60.23
49.18
106.43
88.83
97.15
114.57
234.39
223.35
-1
48.71
265.91
265.33
63.12
55.11
111.11
86.85
107.6
-1
58.36
50.11
-1
-1
34.84
49.75
69.23
321.1
277.23
-1
36.36
-1
66.99
320.99
77.47
273.25
281.01
-1
108.65
-1
-1
-1
92.28
-1
273.01
60.77
297.78
-1
-1
231.11
225.83
229.45
-1
261.11
-1
-1
261.94
-1
112.59
-1
-1
45.06
-1
291.2
284.45
-1
137.17
71.85
-1
270.82
-1
-1
42.86
284.94
293.56
293.76
285.73
260.27
245.79
256.46
261.48
-1
246.96
46.04
245.28
-1
-1
-1
62.89
77.51
75.31
60.25
-1
94.29
-1
-1
93.47
-1
-1
59.92
198.86
-1
-1
95.41
118.97
281.74
-1
-1
264.72
61.56
-1
-1
56.82
-1
107.24
76.24
235.15
66.38
228.45
-1
253.91
109.02
225.56
266.25
66.13
191.6
68.02
-1
92.41
43.3
256.9
86.87
256.14
269.7
-1
62.05
245.66
282.78
36.89
-1
-1
241.16
259.25
302.95
49.81
-1
68.4
-1
28.55
46.33
-1
51.99
297.71
-1
85.91
180.43
299.26
119.92
74.34
39.65
230.8
282.5
-1
39.46
-1
-1
82.72
106.83
253.91
46.26
52.82
-1
-1
-1
247.91
-1
84.43
-1
-1
56.13
-1
81.69
-1
33.67
38.01
-1
74.38
117.11
100.27
211.54
104.18
-1
93.94
86.56
281.16
246.73
35.74
-1
118.19
-1
113.5
77.25
22.1
-1
-1
45.94
78.91
75.82
84.78
73.81
-1
-1
225.34
236.92
49.26
-1
52.2
-1
203.82
-1
66.17
-1
251.02
230.6
-1
55.2
282.7
67.21
298.5
-1
225.99
49.43
48.97
72.95
-1
-1
-1
-1
284.46
77.9
239.02
101.47
243.76
260.16
48.08
294.32
-1
279.14
94.09
62.62
62.14
82.25
81.64
-1
-1
272.61
247.13
116.27
-1
-1
80.84
-1
93.94
282.19
97.87
70.78
125.22
-1
56.34
43.61
-1
-1
-1
277.67
98.19
66.41
-1
-1
305.67
245.83
-1
227.26
101.98
255.34
265.56
-1
93.94
75.3
282.97
99.17
-1
64.13
239.09
82.15
278.77
251.94
70.83
-1
289.61
70.43
-1
182.06
-1
249.33
-1
60.49
-1
-1
62.28
275.58
-1
-1
290.92
276.29
56.91
47.65
-1
269.72
289.93
276.79
-1
212.59
281.06
262.89
261.6
64.53
-1
296.67
-1
48.2
51.95
49.65
101.37
91.8
287.62
-1
-1
99.74
294.5
-1
-1
270.3
-1
-1
-1
286.09
-1
35.51
-1
-1
217.15
44.5
-1
55.59
87.96
48.14
-1
-1
279.85
-1
213.65
61.96
52.71
-1
-1
221.75
100.75
274.66
-1
54.58
290.35
282.23
238.64
295.75
-1
87.3
247.63
227.8
93.42
69.54
267.77
256.13
257.42
269.84
82.3
91.36
84.02
-1
230.18
-1
266.46
-1
-1
62.89
283.97
79.78
263.53
-1
35.4
57.65
-1
-1
249.2
301.87
27.94
257.37
94.09
61.79
-1
40.25
-1
-1
-1
32.13
40.82
-1
281.07
-1
-1
-1
-1
303.5
-1
-1
-1
-1
274.09
252.24
-1
-1
-1
288.03
49.61
65.48
-1
251.37
-1
-1
79.93
-1
232.82
76.68
279.69
287.93
-1
242.21
287.81
241.49
213.51
294.35
290.04
-1
80.07
-1
70.77
40.27
-1
-1
41.14
-1
103.06
-1
67.19
74.3
286.1
266.66
87.6
275.48
-1
257.38
62.39
106.79
-1
62.02
-1
-1
291.2
282.35
28.33
70.81
226.45
92.23
300.78
273.79
-1
260.39
303.66
37.39
-1
257.62
289.97
-1
-1
288.79
252.03
256.32
250.56
-1
-1
80.04
248.33
-1
283.88
95.43
262.84
295.18
-1
-1
248.64
-1
289.95
-1
151.09
281.54
64.03
300.93
82.22
57.86
71.3
86.44
299.61
255.97
211.68
4.66
-1
41.99
72.09
283.8
38.59
77.7
-1
-1
-1
208.27
242.76
246.67
36.63
51.98
305.91
84.6
294.11
256.41
254.75
73.75
291.44
66.65
33.25
-1
276.02
-1
287.07
32.86
256.41
259.72
282.67
70.47
35.07
124.33
102.62
-1
271.33
-1
220.14
232.96
283.73
254.82
230.89
53.61
-1
262.35
-1
98.11
-1
276.37
238.38
118.76
-1
-1
84.91
-1
73.7
-1
284.77
282.55
-1
93.12
-1
-1
28.77
-1
266.25
-1
75.78
295.36
37.29
-1
230.67
-1
284.87
252.81
-1
-1
258.14
-1
285.4
231.27
-1
-1
-1
270
258.91
287.64
32.18
-1
74.31
77.42
-1
277.09
248.65
-1
-1
287.63
-1
-1
53.97
-1
255.93
100.51
288.87
36.11
263.76
265.43
234.23
241.5
68.28
-1
83.25
45.16
-1
-1
238
273.94
229.21
246.09
-1
44.14
235.16
281.14
-1
93.42
87.01
-1
79.75
251.46
-1
270.23
-1
-1
278.26
292
295.42
68.87
23.32
249.47
237.43
243.75
173.93
293.69
-1
278.66
-1
284.06
-1
243.88
73.16
289.28
-1
-1
303.83
282.14
-1
90.11
260.66
-1
-1
-1
221.92
254.95
-1
56.1
106.13
63.57
93.94
-1
-1
-1
257.68
91.46
-1
100.67
270.35
232.29
241
120.41
267.67
-1
-1
67.08
60.16
293.26
294.61
57.68
-1
81.53
77.14
-1
276.05
72.82
-1
258.08
86.06
71.69
203.75
32.66
89.83
-1
264.59
70.78
94.26
-1
101.96
-1
272.33
275.35
-1
95.48
285.11
233.44
232.19
78.73
250.35
-1
285.78
-1
-1
87.96
51.17
273.79
-1
-1
258.49
244.35
260.41
244.89
-1
-1
278.57
252.17
-1
64.53
280.87
-1
-1
-1
65.62
240.13
292.91
260.54
293.29
-1
-1
227.87
-1
119.03
47.63
-1
120.28
335.55
301.26
-1
49.45
-1
228
268.95
250.83
-1
291.02
-1
-1
86.47
-1
71.85
-1
93.79
68.92
288.39
296.39
-1
85.36
-1
283.17
37.81
281.47
-1
300.07
-1
-1
102.85
316.44
82.97
-1
-1
-1
-1
101.81
288.53
-1
242.89
257.98
76.49
-1
52.98
-1
-1
266.06
265.13
89.71
-1
46.28
235.81
280.08
244.13
-1
-1
245.1
64.16
-1
300.86
-1
-1
-1
26.68
61.36
-1
49.17
243.15
252.56
-1
-1
75.54
70.77
269.78
-1
241.21
282.06
-1
47.7
270.54
71.52
109.62
-1
222.06
70.94
-1
74.25
-1
289.6
-1
-1
114.18
-1
-1
255.21
50.21
-1
284.11
-1
280.07
302.57
230.22
237.03
95.38
-1
78.69
66.8
244.13
-1
47.43
108.71
-1
-1
301.53
318.31
292.86
-1
-1
249.08
250.06
-1
60.18
100.97
239.12
258.05