9
13
17
23
63
64
135
170
174
203
212
222
245
286
300
315
324
332
336
337
370
389
431
433
436
474
484
489
490
495
516
524
528
549
572
623
699
751
774
793
822
855
863
885
900
917
936
953
970
999
1012
1058
1075
1118
1119
1130
1153
1174
1206
1216
1234
1259
1267
1269
1281
1291
1318
1339
1358
1378
1394
1425
1428
1430
1440
1521
1540
1544
1563
1565
1571
1584
1587
1588
1625
1635
1644
1666
1692
1697
1733
1761
1774
1786
1792
1806
1841
1864
1870
1920
1926
1936
1966
1973
1995
2000
2010
2079
2085
2090
2111
2151
2160
2176
2227
2259
2300
2337
2360
2365
2368
2374
2382
2386
2423
2426
2439
2466
2524
2533
2534
2539
2569
2588
2606
2622
2658
2736
2777
2805
2825
2870
2894
2896
2928
2954
2964
2968
2969
2987
2988
3001
3008
3013
3016
3026
3029
3068
3074
3075
3087
3102
3124
3139
3177
3190
3198
3252
3268
3269
3271
3275
3281
3289
3291
3295
3371
3423
3452
3466
3480
3497
3516
3519
3547
3587
3617
3624
3644
3652
3668
3747
3749
3775
3791
3802
3807
3814
3815
3852
3870
3928
4000
4032
4058
4064
4073
4096
4098
4108
4117
4122
4123
4131
4132
4134
4155
4157
4164
4167
4172
4173
4174
4184
4198
4203
4230
4261
4266
4271
4287
4326
4330
4343
4346
4352
4362
4399
4431
4451
4457
4470
4511
4588
4591
4595
4597
4598
4609
4611
4638
4710
4720
4742
4773
4833
4845
4858
4867
4873
4887
4932
4934
4952
4980
4988
5002
5010
5026
5036
5067
5079
5097
5118
5143
5197
5244
5261
5285
5292
5433
5475
5485
5492
5514
5529
5553
5567
5600
5613
5631
5632
5672
5680
5708
5725
5759
5766
5770
5777
5804
5872
5873
5883
5896
5924
5927
5935
5944
5949
5978
5997
6011
6017
6018
6054
6127
6158
6161
6168
6197
6259
6263
6266
6277
6297
6303
6315
6319
6375
6387
6403
6411
6431
6479
6489
6497
6522
6531
6554
6601
6605
6606
6622
6630
6672
6692
6702
6740
6746
6758
6793
6807
6872
6873
6896
6964
6968
6982
6989
6998
7017
7026
7031
7056
7058
7067
7076
7165
7293
7302
7329
7337
7339
7349
7355
7397
7438
7461
7470
7498
7502
7548
7607
7621
7625
7631
7690
7716
7738
7755
7769
7797
7810
7816
7817
7829
7831
7857
7871
7877
7880
7885
7890
7893
7929
7939
7941
8003
8017
8035
8036
8089
8091
8106
8111
8122
8126
8136
8137
8141
8159
8195
8205
8225
8235
8300
8315
8321
8323
8325
8341
8376
8414
8418
8422
8423
8442
8460
8479
8485
8488
8497
8498
8509
8557
8576
8578
8585
8590
8592
8624
8636
8646
8694
8698
8708
8714
8719
8762
8870
8877
8892
8911
8933
8950
8958
8966
8971
8972
8981
9034
9084
9094
9103
9106
9136
9141
9146
9158
9220
9264
9330
9342
9346
9432
9449
9450
9451
9460
9502
9590
9601
9607
9663
9678
9685
9765
9820
9847
9860
9878
9956
9958
9984
10007
10109
10115
10124
10125
10178
10188
10203
10234
10262
10265
10266
10278
10286
10293
10317
10340
10355
10361
10398
10419
10423
10431
10432
10475
10512
10553
10566
10573
10595
10641
10646
10665
10671
10680
10702
10733
10769
10770
10801
10812
10827
10843
10878
10895
10906
10928
10980
10983
10992
11008
11013
11060
11093
11126
11147
11160
11230
11232
11235
11266
11287
11308
11311
11342
11358
11423
11429
11464
11465
11466
11469
11482
11483
11501
11530
11548
11649
11693
11700
11713
11716
11743
11747
11749
11778
11809
11839
11841
11855
11859
11868
11870
11881
11899
11913
11920
11934
11939
11985
12004
12056
12063
12077
12139
12148
12177
12181
12184
12198
12223
12256
12296
12365
12366
12399
12408
12421
12434
12437
12462
12469
12500
12508
12521
12528
12538
12570
12577
12587
12593
12600
12604
12607
12617
12652
12680
12699
12707
12721
12736
12756
12759
12761
12769
12779
12893
12899
12912
12924
12927
12960
12989
13000
13031
13039
13045
13048
13059
13073
13115
13130
13172
13180
13181
13244
13247
13253
13262
13272
13327
13331
13334
13343
13399
13431
13446
13463
13487
13502
13507
13533
13569
13575
13587
13588
13592
13607
13628
13655
13661
13663
13669
13764
13793
13804
13809
13816
13826
13834
13842
13846
13855
13858
13863
13865
13868
13882
13890
13920
13948
13953
13958
13973
13979
13986
13987
13998
14004
14018
14025
14064
14091
14098
14104
14109
14136
14158
14159
14255
14256
14258
14281
14287
14306
14323
14349
14351
14385
14391
14410
14444
14486
14494
14502
14508
14517
14526
14529
14542
14543
14558
14596
14605
14611
14613
14635
14658
14659
14691
14705
14711
14714
14718
14744
14755
14757
14774
14777
14784
14822
14823
14838
14850
14859
14945
14987
14999
15011
15045
15046
15048
15056
15076
15077
15090
15105
15106
15109
15119
15161
15166
15173
15194
15213
15260
15313
15320
15340
15358
15379
15380
15384
15389
15392
15394
15399
15402
15416
15418
15429
15437
15505
15521
15527
15543
15572
15587
15594
15604
15633
15670
15675
15678
15684
15722
15724
15735
15755
15775
15822
15837
15847
15862
15865
15887
15894
15896
15923
15928
15938
15943
15972
16060
16110
16115
16150
16157
16168
16184
16188
16190
16193
16197
16214
16220
16235
16239
16252
16302
16304
16305
16316
16332
16344
16353
16355
16417
16434
16458
16467
16470
16530
16570
16609
16635
16646
16649
16659
16671
16680
16694
16711
16717
16731
16752
