24
31
42
56
81
103
111
112
131
132
150
166
198
226
259
260
332
371
382
392
434
468
473
503
527
539
552
585
652
677
684
737
762
778
786
789
863
879
897
913
924
949
960
991
998
1019
1037
1055
1062
1071
1104
1111
1112
1119
1131
1150
1174
1188
1252
1277
1300
1310
1319
1322
1343
1356
1370
1384
1392
1394
1397
1436
1443
1455
1488
1510
1546
1556
1562
1573
1610
1619
1621
1654
1665
1671
1762
1799
1822
1832
1896
1924
1992
2003
2021
2046
2079
2093
2134
2136
2182
2189
2225
2235
2349
2353
2364
2373
2382
2402
2412
2441
2449
2456
2466
2469
2527
2529
2563
2582
2585
2644
2658
2670
2699
2704
2708
2717
2784
2794
2912
2923
2959
2997
3041
3071
3090
3126
3141
3161
3188
3206
3211
3233
3274
3332
3333
3371
3453
3465
3495
3557
3571
3572
3616
3658
3696
3700
3708
3734
3751
3767
3804
3831
3875
3885
3888
3895
3943
3954
3967
3972
3973
3978
4002
4003
4033
4035
4058
4074
4091
4094
4109
4111
4126
4138
4143
4185
4191
4211
4215
4247
4270
4276
4279
4296
4317
4329
4330
4337
4359
4382
4415
4418
4419
4421
4444
4454
4515
4534
4583
4594
4605
4621
4643
4675
4685
4707
4708
4710
4742
4758
4759
4763
4767
4776
4792
4804
4876
4929
4938
4946
4977
5024
5029
5043
5050
5081
5090
5092
5128
5129
5134
5208
5210
5232
5265
5269
5278
5313
5338
5345
5359
5377
5384
5399
5463
5485
5496
5513
5516
5521
5545
5589
5590
5592
5602
5625
5652
5684
5694
5699
5702
5734
5753
5765
5796
5801
5808
5816
5829
5880
5895
5944
5948
5955
5963
5975
5980
6011
6030
6036
6047
6054
6059
6079
6084
6125
6130
6144
6152
6164
6169
6170
6178
6181
6190
6192
6276
6284
6294
6295
6315
6322
6339
6363
6374
6377
6379
6398
6447
6451
6478
6486
6515
6534
6569
6639
6669
6681
6714
6730
6796
6797
6806
6810
6815
6871
6877
6930
6943
6969
6975
7011
7050
7055
7074
7093
7099
7185
7223
7248
7262
7271
7292
7344
7365
7379
7381
7384
7385
7393
7396
7402
7418
7422
7436
7494
7501
7505
7507
7515
7523
7531
7549
7556
7571
7576
7629
7641
7645
7672
7683
7690
7708
7715
7717
7720
7721
7746
7750
7775
7791
7860
7895
7907
7957
7973
7992
8002
8012
8062
8065
8080
8085
8107
8123
8126
8134
8140
8142
8178
8202
8208
8232
8251
8264
8269
8292
8314
8317
8341
8378
8435
8441
8453
8481
8484
8535
8555
8557
8605
8624
8645
8647
8655
8663
8676
8680
8703
8741
8748
8761
8771
8775
8783
8836
8889
8908
8979
8998
9083
9150
9200
9212
9215
9220
9246
9260
9290
9291
9324
9343
9353
9388
9394
9424
9456
9472
9487
9489
9491
9494
9537
9544
9564
9584
9598
9605
9608
9638
9648
9650
9667
9668
9698
9712
9719
9730
9734
9740
9754
9769
9785
9798
9816
9817
9829
9855
9874
9913
9916
9935
9957
9965
9967
10002
10015
10018
10024
10044
10066
10075
10079
10087
10090
10091
10099
10106
10107
10116
10159
10162
10168
10192
10234
10294
10301
10328
10339
10341
10346
10352
10354
10384
10401
10416
10442
10457
10475
10506
10511
10529
10551
10575
10581
10582
10596
10644
10692
10742
10827
10838
10859
10883
10891
10924
10960
10963
10993
11030
11061
11085
11093
11096
11122
11126
11169
11174
11181
11189
11193
11236
11264
11269
11279
11281
11295
11326
11331
11332
11369
11407
11425
11439
11471
11477
11486
11499
11517
11544
11558
11561
11565
11594
11595
11616
11630
11645
11661
11692
11707
11727
11756
11761
11812
11817
11842
11849
11871
11872
11881
11903
11925
11948
11969
11972
12001
12008
12064
12093
12137
12151
12177
12211
12241
12246
12256
12260
12288
12309
12393
12400
12407
12450
12452
12453
12460
12472
12481
12518
12530
12538
12564
12577
12581
12623
12626
12636
12658
12684
12690
12692
12699
12714
12719
12783
12799
12809
12812
12816
12818
12819
12840
12843
12852
12878
12887
12897
12936
12937
12961
12971
13011
13025
13029
13054
13068
13075
13085
13091
13096
13142
13170
13201
13212
13237
13280
13338
13368
13403
13407
13411
13450
13453
13482
13503
13513
13517
13526
13551
13566
13568
13578
13581
13589
13595
13605
13613
13652
13799
13821
13829
13839
13870
13901
13918
13964
13976
14036
14042
14058
14072
14107
14132
14133
14140
14156
14158
14168
14175
14307
14314
14339
14343
14359
14376
14382
14389
14409
14437
14445
14454
14479
14484
14486
14487
14498
14517
14536
14538
14567
14628
14637
14641
14750
14753
14792
14814
14823
14829
14832
14849
14881
14905
14920
14929
14936
14937
14938
14943
14952
14983
15068
15073
15075
15082
15102
15122
15134
15172
15184
15260
15264
15268
15327
15332
15343
15353
15358
15398
15400
15417
15421
15435
15450
15457
15474
15479
15495
15500
15505
15543
15582
15583
15587
15598
15669
15728
15765
15766
15767
15782
15796
15853
15863
15900
15901
15909
15918
15934
15940
15949
15951
15953
15972
15997
16016
16021
16029
16032
16162
16186
16221
16226
16241
16269
16291
16293
16327
16328
16329
16372
16385
16401
16419
16437
16453
16456
16475
16479
16480
16502
16532
16538
16570
16598
16649
16652
16672
16721
16726
16750
16828
16855
16884
16895
16909
16917
16939
16947
16990
17004
17008
17014
17033
17047
17050
17059
17104
17112
17128
17171
17195
17196
17244
17250
17274
17277
17282
17283
17291
17295
17297
17304
17321
17323
17346
17390
17421
17434
17446
17461
17463
17468
17469
17487
17500
17519
17532
17564
17574
17618
17756
17762
17811
17855
17860
17867
17886
17929
17961
17965
17966
17986
17987
18030
18039
18079
18087
18097
18111
18123
18148
18181
18185
18210
18222
18223
18243
18249
18271
18301
18317
18342
18355
18358
18359
18389
18397
18400
18438
18442
18446
18458
18464
18485
18502
18524
18576
18580
18602
18622
18668
18678
18681
18720
18740
18792
18819
18820
18828
18831
18837
18849
18864
18872
18923
18929
18938
19010
19042
19048
19055
19089
19097
19138
19143
19150
19151
19172
19209
19229
19230
19243
19253
19259
19291
19295
19305
19308
19313
19320
19333
19334
19338
19359
19360
19383
19399
19410
19417
19430
19437
19446
19463
19465
19496
19507
19512
19513
19541
19542
19563
19564
19580
19587
19595
19671
19699
19729
19733
19742
19745
19787
19815
19843
19846
19853
19854
19903
19928
19929
19973
19980
19995
20030
20060
20063
20104
20128
20139
20167
20218
20236
20254
20269
20276
20310
20320
20330
20335
20338
20347
20360
20382
20384
20393
20423
20449
20465
20488
20498
20538
20602
20645
20661
20676
20688
20702
20703
20711
20712
20720
20721
20723
20744
20748
20754
20787
20820
20832
20863
20865
20866
20892
20893
20930
20931
20957
20965
20978
20989
20998
21045
21112
21114
21117
21150
21161
21188
21230
21242
21301
21308
21317
21334
21348
21350
21353
21368
21369
21376
21377
21396
21439
21459
21492
21493
21522
21575
21600
21605
21665
21666
21674
21694
21702
21703
21706
21718
21728
21732
21734
21737
21757
21789
21800
21805
21806
21843
21846
21854
21865
21873
21878
21897
21925
21961
22026
22029
22042
22043
22055
22073
22079
22097
22101
22111
22119
22170
22188
22206
22214
22232
22245
22259
22276
22325
22330
22380
22387
22392
22416
22418
22451
22540
22549
22589
22595
22616
22682
22686
22713
22724
22746
22785
22805
22821
22867
22870
22970
22971
23010
23040
23056
23072
23090
23091
23101
23121
23171
23182
23193
23196
23249
23256
23268
23277
23297
23298
23315
23318
23336
23337
23362
23370
23387
23407
23426
23427
23433
23437
23440
23482
23492
23509
23517
23557
23570
23575
23582
23592
23595
23651
23652
23661
23698
23704
23718
23735
23809
23825
23832
23871
23891
23929
23945
23956
23973
24017
24020
24021
24023
24034
24054
24066
24078
24090
24215
24222
24251
24265
24300
24301
24323
24339
24398
24404
24405
24422
24461
24562
24619
24637
24657
24687
24691
24706
24735
24745
24774
24795
24807
24826
24845
24856
24873
24878
24880
24890
24896
24898
24920
24934
24962
24987
24997
25015
25034
25052
25058
25092
25101
25119
25136
25155
25180
25188
25191
25210
25236
25309
25320
25322
25333
25400
25405
25418
25488
25491
25497
25537
25546
25551
25577
25578
25630
25643
25648
25692
25710
25720
25740
25746
25755
25763
25767
25768
25789
25832
25863
25864
25882
25933
25937
25945
26001
26017
26023
26027
26039
26064
26081
26121
26122
26126
26127
26141
26162
26180
26198
26273
26328
26360
26375
26378
26401
26428
26448
26477
26486
26490
26508
26523
26568
26578
26590
26605
26623
26653
26655
26656
26660
26661
26688
26716
26732
26772
26778
26817
26822
26851
26857
26859
26908
26986
26992
27006
27011
27018
27023
27025
27046
27050
27053
27062
27063
27077
27096
27098
27104
27118
27120
27142
27149
27167
27195
27202
27210
27231
27240
27280
27286
27290
27294
27313
27324
27352
27388
27402
27455
27514
27517
27520
27526
27594
27634
27636
27637
27654
27677
27707
27735
27737
27738
27743
27753
27757
27781
27792
27796
27824
27866
27872
27893
27904
27915
27948
27975
27986
28026
28097
28098
28127
28140
28175
28192
28197
28204
28226
28273
28275
28277
28287
28289
28298
28314
28316
28344
28351
28356
28389
28393
28395
28409
28423
28434
28468
28495
28508
28509
28517
28550
28573
28645
28681
28691
28700
28719
28762
28765
28875
28881
28892
28899
28941
28967
28989
28997
29002
29008
29023
29029
29061
29071
29082
29181
29287
29292
29306
29330
29379
29383
29387
29399
29401
29487
29526
29571
29613
29647
29675
29709
29726
29729
29735
29752
29781
29790
29807
29809
29814
29823
29831
29850
29899
29926
29938
30006
30012
30015
30070
30081
30099
30118
30126
30138
30152
30164
30174
30183
30185
30200
30249
30291
30293
30307
30318
30328
30354
30378
30424
30428
30444
30448
30449
30450
30454
30460
30465
30494
30523
30524
30542
30562
30564
30588
30596
30597
30635
30729
30749
30787
30815
30874
30882
30896
30901
30904
30934
30943
30945
30962
31004
31031
31057
31064
31086
31095
31100
31106
31107
31110
31113
31118
31123
31127
31128
31235
31245
31293
31301
31335
31372
31376
31445
31493
31506
31537
31551
31562
31564
31588
31608
31636
31637
31678
31714
31752
31759
31772
31780
31787
31797
31817
31840
31987
32005
32047
32066
32074
32086
32092
32095
32162
32190
32203
32205
32206
32227
32231
32243
32255
32283
32337
32356
32387
32435
32446
32453
32473
32476
32479
32527
32533
32539
32555
32581
32587
32590
32619
32636
32674
32678
32681
32723
32729
32732
32738
32756
32757
32764
32767
32768
32773
32796
32808
32809
32816
32850
32907
32940
32950
32954
32969
32982
32989
33005
33021
33027
33033
33091
33125
33149
33194
33236
33239
33245
33252
33258
33261
33271
33275
33313
33323
33329
33341
33348
33359
33365
33387
33444
33467
33502
33506
33516
33552
33618
33640
33660
33665
33679
33681
33682
33712
33723
33732
33752
33755
33770
33774
33802
33942
34017
34018
34020
34038
34049
34053
34056
34081
34098
34141
34145
34148
34158
34163
34186
34207
34208
34218
34249
34275
34284
34285
34292
34299
34308
34359
34441
34463
34476
34479
34534
34540
34574
34576
34639
34651
34671
34675
34693
34706
34721
34730
34754
34771
34796
34802
34814
34834
34840
34854
34865
34866
34904
34916
34917
34923
34925
34947
34970
34981
35001
35006
35057
35058
35072
35091
35108
35124
35181
35189
35195
35196
35215
35230
35238
35242
35243
35274
35310
35311
35324
35328
35350
35391
35400
35420
35431
35447
35453
35455
35472
35483
35533
35538
35560
35640
35643
35668
35675
35692
35707
35716
35730
35740
35766
35767
35771
35791
35809
35821
35841
35846
35851
35877
35878
35918
35929
35945
35968
35991
36017
36023
36024
36063
36068
36071
36075
36078
36108
36164
36166
36240
36245
36246
36264
36269
36275
36313
36330
36347
36352
36354
36366
36428
36448
36453
36477
36479
36532
36537
36545
36564
36567
36606
36610
36635
36643
36683
36685
36696
36706
36729
36742
36799
36813
36826
36922
37047
37048
37079
37092
37103
37181
37197
37203
37237
37242
37301
37346
37348
37395
37410
37411
37433
37474
37515
37521
37529
37550
37562
37566
37574
37619
37626
37643
37674
37680
37713
37732
37759
37772
37783
37790
37802
37851
37853
37857
37881
37890
37892
37919
37950
37969
38008
38011
38052
38053
38070
38078
38087
38130
38144
38157
38162
38171
38191
38194
38212
38218
38221
38262
38275
38278
38309
38412
38418
38432
38445
38502
38508
38523
38533
38551
38578
38580
38624
38625
38632
38658
38687
38692
38701
38720
38733
38764
38792
38795
38806
38809
38871
38885
38918
38938
38940
38945
38950
39016
39019
39040
39059
39061
39087
39106
39138
39147
39153
