14
38
58
70
94
118
135
151
226
261
269
273
281
293
358
370
436
470
473
493
536
539
541
575
578
579
601
633
637
702
718
753
763
781
846
847
855
867
944
958
1007
1022
1023
1027
1071
1084
1122
1132
1134
1139
1172
1243
1253
1296
1301
1311
1313
1314
1315
1337
1350
1355
1365
1382
1404
1409
1422
1428
1449
1460
1492
1495
1497
1527
1558
1560
1590
1606
1632
1680
1681
1702
1724
1793
1819
1821
1871
1877
1902
1910
1933
1972
1983
2001
2033
2037
2064
2098
2170
2205
2211
2244
2298
2321
2325
2338
2401
2427
2449
2455
2457
2460
2487
2510
2519
2584
2623
2654
2664
2667
2705
2718
2731
2810
2814
2825
2827
2829
2842
2844
2877
2919
2927
2934
2945
3008
3042
3043
3060
3108
3140
3142
3144
3157
3183
3202
3226
3228
3237
3243
3244
3253
3260
3280
3315
3335
3338
3378
3422
3481
3483
3525
3548
3567
3599
3614
3648
3649
3682
3685
3706
3708
3759
3791
3800
3818
3851
3878
3904
3960
4000
4011
4031
4050
4051
4054
4075
4088
4089
4129
4134
4157
4160
4174
4204
4220
4247
4288
4291
4304
4331
4341
4381
4384
4385
4388
4404
4429
4456
4477
4481
4495
4516
4563
4567
4581
4593
4618
4627
4653
4676
4706
4802
4822
4826
4827
4836
4840
4860
4863
4901
4912
4915
4934
4955
4967
4970
4985
4998
5009
5062
5092
5103
5129
5155
5156
5181
5193
5203
5211
5212
5244
5252
5276
5297
5324
5330
5354
5382
5387
5405
5411
5419
5429
5441
5456
5468
5481
5486
5507
5525
5567
5639
5642
5694
5707
5730
5771
5772
5785
5794
5822
5856
5873
5900
5901
5904
5931
5976
6007
6023
6025
6037
6042
6083
6092
6108
6122
6135
6167
6188
6195
6207
6219
6268
6269
6271
6276
6314
6352
6370
6402
6444
6470
6491
6520
6564
6569
6599
6611
6637
6640
6652
6667
6668
6682
6698
6699
6705
6717
6778
6779
6782
6783
6785
6793
6795
6799
6808
6832
6838
6843
6854
6912
6923
6928
6929
6933
6963
6984
6996
6999
7030
7041
7042
7078
7118
7175
7180
7196
7234
7257
7265
7303
7305
7339
7347
7357
7361
7396
7430
7448
7454
7502
7534
7572
7585
7609
7631
7632
7656
7751
7759
7766
7769
7772
7792
7816
7828
7841
7853
7888
7893
7921
7947
7979
7985
8024
8044
8066
8077
8108
8128
8140
8165
8173
8194
8271
8281
8291
8324
8325
8326
8346
8360
8363
8364
8380
8390
8403
8405
8445
8448
8467
8525
8529
8601
8621
8624
8633
8636
8646
8697
8702
8704
8715
8737
8743
8756
8767
8795
8823
8837
8842
8886
8899
8903
8957
8970
8973
8975
8993
9043
9074
9126
9161
9185
9186
9222
9225
9251
9302
9314
9315
9374
9376
9385
9397
9404
9412
9425
9426
9446
9453
9459
9470
9471
9474
9535
9567
9591
9592
9609
9627
9651
9668
9688
9710
9752
9814
9831
9840
9841
9845
9876
9884
9894
9899
9933
9980
10016
10023
10030
10033
10043
10051
10084
10100
10102
10207
10242
10245
10248
10279
10282
10342
10353
10370
10442
10457
10461
10480
10515
10588
10624
10627
10654
10657
10671
10682
10684
10687
10697
10705
10735
10748
10782
10812
10814
10926
10938
10939
10974
10985
10998
11013
11019
11044
11052
11094
11102
11113
11118
11191
11213
11237
11268
11293
11315
11319
11367
11381
11409
11415
11425
11436
11479
11524
11526
11537
11554
11603
11611
11622
11633
11635
11681
11746
11783
11787
11823
11827
11849
11855
11862
11891
11903
11937
11958
11964
11971
11988
11999
12015
12049
12104
12115
12154
12163
12207
12238
12250
12263
12268
12312
12373
12379
12409
12415
12431
12442
12464
12532
12542
12544
12580
12590
12683
12693
12704
12736
12744
12763
12833
12837
12854
12863
12870
12877
12897
12929
12935
12971
13006
13072
13098
13104
13113
13126
13133
13287
13292
13319
13357
13359
13390
13394
13452
13506
13510
13530
13561
13570
13596
13613
13623
13633
13658
13671
13679
13700
13759
13765
13843
13853
13859
13865
13881
13886
13909
13921
13960
13993
14006
14008
14048
14087
14091
14135
14136
14142
14175
14185
14191
14233
14239
14275
14315
14335
14390
14406
14415
14422
14478
14501
14586
14643
14665
14687
14702
14708
14724
14745
14780
14810
14813
14816
14851
14878
14886
14893
14902
14903
14904
14973
15012
15040
15055
15077
15141
15163
15171
15178
15196
15291
15313
15468
15470
15483
15492
15495
15514
15568
15574
15580
15599
15631
15634
15642
15663
15668
15682
15683
15698
15741
15745
15749
15756
15784
15794
15813
15815
15838
15868
15902
15931
15936
15968
16014
16019
16059
16067
16074
16116
16160
16163
16166
16178
16208
16252
16287
16311
16398
16405
16413
16451
16461
16508
16518
16523
16531
16543
16575
16578
16587
16639
16663
16717
16725
16745
16769
16803
16814
16823
16838
16912
16933
16959
17005
17053
17087
17099
17115
17126
17155
17215
17276
17288
17297
17315
17322
17327
17328
17385
17427
17445
17468
17494
17515
17518
17528
17537
17562
17596
17636
17638
17648
17662
17672
17676
17698
17709
17719
17720
17729
17756
17774
17782
17797
17812
17819
17821
17823
17895
17921
17929
17949
17960
17974
17975
17985
18015
18018
18026
18042
18076
18108
18111
18120
18125
18128
18141
18147
18156
18174
18191
18194
18212
18237
18250
18265
18358
18372
18408
18424
18429
18470
18478
18479
18483
18509
18514
18550
18614
18644
18645
18661
18692
18695
18696
18733
18761
18763
18766
18769
18780
18831
18857
18873
18875
18876
18887
18907
18908
18927
18929
18948
18949
18954
18989
18993
19001
19006
19011
19018
19054
19063
19067
19085
19104
19119
19120
19183
19207
19225
19237
19239
19251
19284
19295
19318
19334
19336
19353
19381
19383
19401
19411
19448
19459
19494
19532
19555
19578
19586
19603
19649
19656
19683
19684
19695
19711
19740
19785
19825
19829
19837
19838
19881
19936
19973
19996
20007
20031
20041
20082
20092
20098
20144
20214
20228
20230
20238
20239
20246
20273
20283
20285
20329
20333
20351
20358
20376
20390
20394
20422
20445
20503
20523
20559
20580
20583
20584
20608
20612
20628
20686
20736
20745
20749
20771
20788
20816
20825
20834
20836
20844
20874
20890
20902
20934
20969
20980
21004
21034
21035
21043
21050
21060
21120
21130
21135
21165
21189
21195
21199
21212
21216
21237
21243
21252
21274
21276
21287
21334
21336
21342
21410
21434
21452
21485
21489
21494
21523
21534
21546
21571
21572
21605
21654
21660
21739
21741
21749
21755
21766
21789
21792
21812
21851
21897
21902
21925
22000
22017
22026
22032
22045
22069
22085
22111
22115
22118
22140
22159
22188
22190
22218
22240
22249
22250
22298
22306
22310
22323
22332
22342
22348
22362
22375
22404
22431
22437
22446
22478
22517
22553
22592
22615
22617
22651
22686
22726
22728
22735
22753
22768
22787
22797
22800
22811
22827
22857
22877
22885
22888
22916
22917
22918
22927
22949
22968
22981
22996
23015
23022
23058
23077
23102
23135
23140
23158
23174
23186
23208
23224
23258
23264
23269
23279
23353
23373
23405
23406
23466
23472
23483
23509
23522
23527
23544
23551
23565
23566
23572
23587
23608
23610
23616
23631
23648
23768
23771
23791
23806
23822
23838
23873
23878
23888
23898
23905
23914
23936
23941
23951
23981
23985
24035
24038
24041
24060
24086
24087
24117
24119
24127
24143
24182
24192
24256
24321
24367
24390
24431
24434
24438
24460
24466
24467
24512
24532
24564
24607
24645
24648
24676
24686
24729
24730
24804
24823
24834
24851
24857
24880
24889
24898
24962
24976
25004
25018
25021
25029
25066
25077
25087
25116
25134
25138
25146
25149
25186
25219
25237
25239
25250
25254
25302
25305
25337
25367
25368
25371
25403
25429
25443
25447
25482
25532
25546
25553
25563
25568
25590
25591
25593
25618
25625
25650
25678
25710
25711
25758
25801
25857
25863
25864
25880
25899
25902
25936
25948
25980
25991
26029
26043
26077
26124
26169
26188
26193
26198
26259
26274
26296
26309
26317
26361
26369
26391
26413
26433
26449
26465
26494
26551
26564
26571
26574
26609
26623
26624
26650
26670
26676
26691
26693
26736
26757
26760
26762
26796
26819
26889
26895
26904
26964
26971
26976
26992
27000
27005
27023
27046
27086
27087
27111
27119
27152
27153
27173
27207
27214
27218
27236
27245
27254
27255
27276
27305
27330
27341
27380
27393
27398
27408
27411
27448
27458
27467
27502
27515
27564
27568
27582
27602
27608
27615
27632
27655
27674
27678
27696
27707
27725
27734
27735
27744
27756
27804
27815
27821
27941
28015
28017
28025
28059
28075
28084
28108
28117
28249
28254
28286
28310
28314
28327
28343
28360
28361
28390
28415
28420
28424
28428
28430
28509
28543
28582
28584
28623
28683
28694
28695
28700
28701
28718
28723
28731
28736
28771
28805
28814
28827
28860
28901
28919
28927
28938
28965
28998
29013
29020
29029
29037
29061
29064
29067
29068
29077
29140
29182
29236
29242
29248
29251
29302
29363
29383
29394
29400
29413
29414
29443
29453
29465
29469
29481
29494
29525
29526
29528
29530
29533
29542
29584
29589
29601
29635
29641
29648
29649
29685
29696
29710
29746
29752
29809
29810
29817
29829
29838
29839
29861
29886
29888
29933
29952
29968
29995
30002
30042
30064
30073
30077
30101
30128
30151
30178
30186
30202
30203
30271
30301
30312
30342
30384
30403
30426
30430
30437
30462
30502
30504
30518
30521
30554
30562
30584
30613
30642
30691
30713
30748
30751
30769
30776
30796
30804
30855
30858
30866
30881
30887
30891
30951
30970
30981
30993
30998
30999
31066
31075
31109
31121
31124
31142
31145
31165
31197
31229
31230
31297
31300
31306
31331
31365
31374
31381
31391
31397
31398
31399
31413
31422
31469
31570
31613
31627
31642
31654
31661
31667
31671
31678
31681
31683
31688
31690
31693
31723
31743
31758
31769
31770
31774
31786
31881
31907
31909
31919
31926
31928
31930
31938
31970
31991
32003
32013
32064
32069
32102
32108
32122
32177
32180
32192
32194
32225
32262
32288
32296
32306
32331
32343
32350
32361
32418
32420
32434
32454
32464
32473
32475
32504
32508
32509
32518
32537
32548
32553
32557
32580
32607
32628
32636
32688
32692
32699
32712
32746
32760
32766
32777
32780
32793
32861
32871
32903
32922
32926
32992
33001
33013
33019
33036
33047
33053
33056
33087
33093
33135
33155
33168
33172
33200
33209
33251
33277
33297
33338
33376
33381
33399
33429
33447
33456
33473
33474
33496
33511
33530
33546
33570
33638
33719
33721
33736
33746
33782
33784
33789
33804
33828
33838
33857
33913
33922
33934
33940
33957
33958
33981
33983
34022
34044
34075
34088
34089
34101
34135
34140
34155
34188
34193
34212
34217
34251
34278
34304
34308
34324
34328
34332
34333
34335
34347
34383
34385
34417
34437
34461
34484
34486
34487
34510
34517
34538
34552
34587
34593
34627
34634
34638
34647
34656
34660
34663
34713
34740
34744
34799
34831
34837
34848
34884
34911
34926
34938
34958
34962
34970
34985
35005
35006
35012
35013
35060
35074
35093
35096
35099
35106
35131
35147
35158
35191
35248
35267
35285
35329
35359
35361
35371
35374
35455
35469
35486
35503
35540
35549
35550
35575
35581
35592
35593
35605
35609
35621
35623
35634
35644
35678
35712
35748
35778
35797
35813
35825
35857
35880
35889
35895
35896
35905
35911
35956
35958
35965
35972
36006
36015
36044
36046
36047
36055
36088
36092
36096
36147
36158
36181
36266
36298
36311
36382
36385
36422
36438
36447
36450
36470
36475
36476
36479
36485
36487
36504
36505
36512
36514
36529
36546
36563
36587
36589
36598
36610
36642
36663
36664
36666
36694
36702
36722
36753
36784
36799
36802
36812
36828
36873
36896
36907
36911
36950
36962
36974
36976
36988
37065
37103
37182
37255
37348
37351
37352
37360
37387
37401
37421
37462
37479
37493
37497
37502
37511
37527
37536
37565
37604
37631
37636
37703
37713
37715
37732
37744
37760
37807
37859
37862
37885
37923
37963
37965
38012
38032
38058
38082
38111
38128
38141
38194
38221
38229
38245
38258
38260
38261
38271
38343
38373
38413
38429
38452
38476
38513
38578
38610
38627
38629
38634
38662
38669
38687
38691
38692
38708
38710
38714
38716
38769
38793
38809
38814
38827
38837
38876
38887
38905
38909
38916
38942
38943
38951
38976
39017
39046
39079
39091
39112
39128
39192
39217
39230
39247
39258
39272
39294
39311
39337
39338
39387
39388
39411
39430
39475
39483
39520
39562
39582
39583
39585
39614
39647
39649
39679
39681
39705
39712
39726
39750
39773
39777
39801
39820
39822
39839
39854
39876
39884
39895
39913
39916
39962
39981
39982
39986
39987
40027
40041
40043
40054
40060
40061
40067
40087
40103
40105
40140
40164
40177
40189
40240
40244
40267
40270
40273
40292
40303
40333
40334
40340
40346
40355
40363
40367
40403
40427
40454
40455
40466
40485
40488
40494
40522
40577
40587
40602
40621
40656
40657
40669
40676
40682
40693
40705
40706
40727
40749
40817
40830
40846
40847
40852
40853
40868
40884
40891
40900
40904
40918
40929
40944
40957
40973
40975
40980
41000
41026
41029
41065
41110
41114
41177
41187
41207
41228
41256
41259
41269
41276
41301
41320
41346
41391
41413
41440
41528
41566
41567
41582
41609
41658
41666
41673
41681
41705
41754
41783
41786
41789
41790
41792
41805
41829
41843
41849
41859
41892
41899
41916
41930
41947
41974
41999
42027
42051
42056
42059
42060
42065
42076
42173
42219
42235
42237
42302
42331
42353
42368
42377
42378
42383
42389
42398
42414
42430
42432
42433
42440
42459
42502
42540
42553
42557
42563
42576
42602
42604
42617
42628
42648
42663
42672
42676
42678
42718
42732
42783
42804
42809
42832
42838
42865
42866
42875
42881
42884
42939
43008
43016
43023
43026
43050
43052
43113
43119
43121
43122
43127
43154
43175
43179
43213
43260
43294
43308
43315
43363
43377
43412
43436
43440
43464
43468
43502
43513
43516
43518
43529
43530
43539
43548
43575
43598
43602
43613
43653
43681
43694
43698
43705
43711
43732
43747
43773
43805
43811
43826
43838
43845
43858
43880
43890
43891
43896
43908
43952
43964
43974
44000
44012
44045
44070
44081
44095
44110
44141
44148
44171
44195
44213
44222
44249
44293
44326
44349
44392
44427
44450
44453
44482
44485
44486
44496
44511
44519
44571
44576
44587
44595
44601
44635
44656
44658
44690
44741
44769
44793
44855
44861
44897
44905
44958
45002
45004
45021
45039
45061
45066
45074
45092
45149
45152
45155
45163
45173
45211
45221
45230
45267
45300
45351
45402
45423
45432
45468
45520
45524
45534
45537
45542
45563
45592
45625
45635
45659
45661
45665
45680
45710
45733
45736
45740
45756
45778
45788
45825
45869
45894
45899
45976
45986
46009
46116
46136
46164
46169
46200
46225
46268
46281
46301
46302
46311
46322
46327
46332
46344
46381
46478
46503
46571
46578
46584
46599
46615
46622
46630
46633
46644
46648
46658
46670
46676
46689
46748
46780
46805
46811
46826
46838
46867
46886
46887
46893
46898
46912
46978
47002
47005
47027
47054
47058
47063
47090
47092
47129
47135
47138
47192
47194
47207
47335
47342
47376
47385
47427
47433
47451
