1.0	2.4	0.3
-0.3	2.5	-4.1
-1.6	-3.8	1.7
1.6	0.2	-1.2
-3.8	0.9	-931.4
1.9	-0.1	-1.8
-7.5	-0.3	-1028.8
3.1	4.0	-2.3
1.4	-5.4	1.2
1.0	-0.7	-3.0
-3.0	-1.7	-1.9
-1.4	0.4	-0.2
0.6	1.4	1.8
3.5	-0.2	-1.1
0.3	-2.3	0.6
1.9	-1.6	-0.5
1.2	-3.5	-0.6
-1.4	-2.3	2.7
0.4	-1.1	-0.3
1.3	3.2	-3.0
-0.4	2.7	-5.0
3.8	3.3	-2.8
-1.6	1.3	-1.2
2.6	0.8	3.0
-0.2	-915.3	0.8
12.2	0.8	-0.3
0.8	0.9	-0.9
4.0	2.5	0.1
3.1	-1015.0	-0.3
-1.1	1.1	-0.1
-0.6	-3.2	2.9
-13.2	-1.2	-2.5
4.0	-0.1	1.7
-1.2	-0.3	4.5
1.3	0.5	-1.0
4.0	4.3	-5.1
-7.4	-0.4	0.1
2.2	0.9	-2.6
-2.2	-2.4	-0.9
0.1	3.3	1.0
1.3	-1025.4	3.2
-1.3	1.7	-6.2
3.6	-1033.9	0.2
0.0	-4.8	1.8
-0.3	-1.6	-3.2
-0.8	1.0	-1.8
1.9	3.2	-1.2
5.9	-0.3	-0.1
3.0	-2.5	2.8
-1.8	1.3	-2.2
1.1	0.7	-2.5
-13.9	-2.5	-1.0
-3.0	-1.1	4.1
-1.1	1.0	-2.2
11.5	0.0	-0.6
-0.1	5.7	-0.9
1.7	0.0	-0.8
-2.3	-1.2	2.1
2.6	-1.1	2.6
2.8	-3.2	-1034.9
0.7	0.2	3.0
4.6	2.3	2.6
-1.1	3.4	0.3
-11.0	0.6	0.4
-0.5	0.6	-2.2
-2.6	-2.3	-1050.5
1.0	-0.7	-2.2
3.9	1.9	-1020.0
2.7	-1036.5	3.7
-3.3	-4.6	0.8
0.7	4.1	1.2
4.3	2.0	-2.9
0.0	0.8	-3.0
1.4	2.5	-2.0
-7.6	-50.1	-47.2
2.4	1.3	-0.4
-0.1	0.3	0.7
0.2	1.8	-2.1
0.1	1.1	-4.8
0.9	-0.9	0.8
-0.6	0.0	-0.8
1.0	1.1	-3.8
4.4	0.8	-5.5
5.4	-4.3	5.1
-1.8	2.1	-6.2
-1.4	-1.3	0.9
3.3	1.1	-0.2
2.0	1.3	0.7
-6.9	-2.0	0.8
2.3	-0.5	2.0
1.6	0.9	-1093.0
-10.7	0.0	-0.9
1.8	2.4	1.6
2.4	-2.7	-4.0
1.3	-961.8	5.8
-1.2	4.1	0.1
0.7	-2.4	-2.1
-0.4	1.4	-2.9
5.9	-6.9	1.5
-10.7	0.7	-1.6
1.5	-0.5	0.6
1.7	-0.9	5.4
-0.4	1.1	-5.0
2.9	0.6	-0.9
0.9	3.3	-2.7
3.3	0.3	0.7
-0.8	-1.7	1.9
0.6	1.5	3.6
-5.8	-0.4	-1.0
-10.1	2.1	-1.0
-2.0	-0.2	0.1
2.5	3.2	1.4
1.9	0.2	-0.1
1.2	3.6	-4.0
2.7	1.2	-1018.9
-0.5	-0.1	2.1
-2.3	0.6	-5.5
-1.4	3.2	1.7
2.0	-0.9	1.1
2.2	-1022.5	-1.1
1.9	-1027.8	1.3
-5.2	4.2	-1.4
0.6	0.2	-1.2
2.8	0.4	0.8
17.1	4.7	-919.3
2.7	0.1	-14.3
0.4	-0.4	0.0
3.6	-1.2	-0.7
0.1	-7.1	3.9
-1.8	-1.3	2.2
1.8	2.3	-995.3
-2.6	3.8	0.7
-0.4	3.7	-0.3
2.6	2.8	-6.7
-3.0	-0.7	-1.5
-0.4	-1.8	1.6
-8.1	-22.1	-5.2
1.4	-5.5	5.3
1.9	2.1	-0.4
-2.3	-1.1	-0.3
3.5	-1016.4	4.2
-0.1	0.1	0.1
0.3	-2.1	0.1
0.9	1.2	0.2
2.1	-0.3	-2.1
1.0	0.2	-1000.3
1.0	0.6	-945.6
-0.9	0.5	4.9
-1.1	-1025.2	-0.4
-3.0	-2.3	-0.1
5.6	-0.1	0.3
-1.1	-0.9	2.4
-2.6	-6.5	2.8
2.7	4.5	-1.2
5.7	0.3	-1017.6
-8.7	-3.7	1.8
-1.9	-2.8	5.3
1.4	1.4	-2.1
-2.8	-1.7	-2.3
-0.8	-6.5	4.8
-0.4	-0.2	-0.5
0.8	1.0	1.1
0.6	2.8	-1.4
0.7	0.3	-4.7
3.9	-0.5	0.9
1.9	-1015.1	0.5
3.8	0.9	0.4
4.9	2.0	4.1
1.5	-0.3	-1.2
1.1	0.0	-1.4
0.2	3.4	-1.0
0.5	-954.6	0.4
1.7	-0.9	-1.4
1.1	0.2	4.4
-0.6	-3.4	5.0
10.0	-6.9	5.5
-0.2	2.0	0.5
-0.7	6.6	-0.8
5.5	0.6	-6.2
0.6	-0.5	0.4
0.7	1.1	-1.3
-1.6	0.9	2.4
-4.0	-2.8	-1.5
4.2	6.0	-999.4
2.2	1.8	0.7
0.2	-0.6	-1070.0
-1.1	1.0	1.7
2.3	4.6	-1052.7
1.4	-1.8	1.9
-2.5	-1.4	2.1
0.4	-1.3	-1.6
0.1	-1.0	3.1
0.1	2.1	2.1
-7.1	-0.7	2.1
1.5	-961.1	-1.0
2.3	3.7	-1.7
1.0	-2.2	5.5
0.2	-0.4	-0.5
-0.7	-5.9	-0.1
0.7	2.2	-1.8
0.1	1.5	-0.4
2.0	1.1	-2.4
-0.3	4.1	-0.5
-3.4	-0.1	-1070.0
-4.2	1.6	-0.2
-0.2	-3.4	-0.4
2.2	3.2	-4.6
0.9	1.6	1.1
-0.1	-0.2	-2.9
-0.4	0.7	-938.7
0.4	-4.0	4.3
-1.4	-2.7	3.0
2.4	-1.7	-2.8
5.6	-1.7	-1.0
1.2	-1.4	-2.7
1.8	1.2	0.9
1.1	-958.5	1.3
0.0	-2.8	-0.4
-0.4	-1.3	0.7
1.1	2.6	2.8
-1.1	2.0	-6.0
0.1	0.6	0.9
2.0	-943.9	-0.3
1.3	3.4	2.5
0.9	4.6	-1.0
2.7	3.3	-5.2
0.7	1.2	0.3
2.4	0.6	0.7
1.0	1.9	-1029.9
1.8	-2.9	1.9
-3.0	0.9	-0.4
-0.4	1.7	-0.2
3.3	6.8	2.9
-7.1	0.0	0.5
0.0	-8.0	3.7
1.9	-1.7	0.9
1.4	-48.4	-1170.7
-2.9	-6.9	-0.6
1.1	3.2	-2.4
1.8	-1.5	0.6
1.0	-0.4	0.2
-0.6	-2.7	4.4
-10.3	-0.1	0.0
4.2	2.0	1.2
1.1	-2.9	3.8
1.9	1.9	0.1
-1.5	-3.8	-0.9
0.3	0.0	-0.8
1.1	0.4	-1.4
-2.5	-1.1	-3.6
-1.0	1.4	-2.0
0.9	0.5	-0.9
4.3	0.3	1.1
2.2	-2.0	-1.9
0.7	-0.3	-3.4
1.6	-0.3	1.3
-1.1	3.5	-6.8
-2.5	3.1	-1018.8
-4.1	-27.4	-13.0
-1.2	4.4	-4.1
-0.9	-0.2	-0.4
1.3	0.9	-0.5
1.2	-0.3	-0.5
0.4	-1.0	-0.3
-0.6	-0.2	2.6
-3.2	6.9	-2.3
1.5	-4.6	4.9
-1.5	-1.3	3.0
2.9	0.3	0.2
3.6	-6.0	1.4
4.0	0.3	2.0
3.6	-2.7	1.0
3.6	0.6	0.0
-0.3	-3.5	-1.4
-0.8	-3.3	-0.3
2.1	3.5	2.9
-0.5	-970.7	0.4
1.4	0.0	-938.7
-2.9	1.4	-1.0
0.1	0.1	-1.5
0.7	-1.5	-0.6
4.0	4.4	-0.4
-0.6	-954.7	-2.5
-2.9	3.0	-0.4
-11.1	3.0	-1.3
-4.0	-3.4	0.9
-0.6	-2.4	1.8
-0.8	-5.0	5.4
1.6	6.0	-2.5
6.3	2.5	5.6
0.1	-1018.2	2.6
1.3	-2.0	0.4
1.6	-4.3	-1041.8
2.5	-1.3	-3.2
4.2	-3.0	-3.8
1.9	4.6	-0.3
-0.3	-929.6	-2.5
4.7	2.3	-2.3
-3.6	-0.5	0.2
0.6	-0.8	-1.2
-0.1	3.6	-4.2
0.3	1.2	0.3
1.8	-964.4	3.3
2.9	-1.3	0.0
1.4	-2.5	1.7
-1.3	1.9	5.1
-3.9	0.4	0.9
-3.5	0.3	-0.3
0.1	-2.2	-4.0
-2.7	-981.0	-2.0
-9.5	-0.5	-1.1
-3.1	0.9	0.1
-12.7	5.3	-5.1
1.4	6.3	-1.0
2.6	1.6	2.0
-3.3	1.5	-2.1
8.0	2.8	-6.7
1.3	0.3	2.1
-7.9	-3.2	-1.1
0.6	-0.8	3.6
1.7	0.2	1.4
0.2	-1.8	-0.8
0.4	1.6	0.6
-0.6	1.9	1.5
-1.6	-2.1	1.6
-1.2	-3.6	4.8
4.5	-1097.3	3.5
-1.3	-3.9	0.8
2.4	3.0	4.3
1.9	-1.1	0.3
2.8	1.9	-0.4
-0.9	-0.6	0.9
-0.9	3.1	-0.1
-5.9	-1.4	-0.1
1.5	-3.6	1.3
2.7	-0.3	-0.5
1.9	0.3	-0.2
0.8	1.5	1.2
2.7	-5.5	6.3
2.6	-43.6	-46.5
4.8	0.7	-0.6
-2.9	1.4	-2.6
0.3	0.3	-1.7
-8.7	-0.8	-0.3
2.7	-938.4	1.5
0.0	0.7	-2.1
7.6	-0.2	-0.2
1.2	-0.5	-0.3
1.8	3.7	-3.0
0.9	-0.4	1.8
32.5	-65.6	-59.0
-1.3	0.6	0.2
0.8	-1.8	-0.3
3.9	1.6	-0.5
-1.3	-960.9	0.0
1.4	0.6	1.1
-0.1	-1.0	-1.5
-2.4	-0.9	0.0
3.4	-5.1	2.0
0.3	0.2	0.2
1.0	-5.8	-1135.4
2.9	0.0	-1.7
-0.4	1.4	-4.3
9.5	-1.3	-1.8
-7.5	-0.5	-5.7
1.2	2.6	1.2
0.8	-2.3	1.4
-1.3	-7.2	2.3
0.7	-6.5	4.1
2.1	0.3	1.5
0.6	-992.4	-2.1
1.9	-2.1	-2.1
-0.7	2.7	0.6
2.6	-0.1	-1.6
-4.6	-0.9	-943.7
0.5	6.1	0.4
-2.1	5.3	-4.3
-0.9	0.4	0.3
-5.0	-1010.8	0.5
-7.1	3.7	-2.3
-0.2	3.7	-4.5
3.9	-3.2	-2.5
4.0	1.4	-3.1
-2.4	0.6	-1010.9
-0.1	0.4	4.2
0.2	0.1	-0.6
1.2	0.6	-2.5
2.3	1.7	-2.3
1.2	-0.5	0.1
-2.2	-1.3	0.4
0.1	2.5	-0.1
10.5	0.8	-0.2
3.0	-1.9	0.9
1.0	-1.7	-0.8
1.0	1.7	1.8
0.4	-927.2	-0.7
0.8	-1026.5	-3.0
0.5	-4.3	1.9
0.2	-1.2	-1035.5
2.4	0.2	0.7
2.6	1.6	1.0
0.9	-0.2	-0.2
-1.6	-1.0	3.4
4.2	2.0	-1.1
1.2	-2.9	0.7
-9.7	0.2	1.7
-0.7	2.3	-0.9
-1.7	0.2	-2.2
0.8	0.3	-0.5
1.3	1.9	-927.5
0.0	-7.1	4.5
2.4	-1.7	2.6
-2.1	-0.6	1.0
-0.4	-0.1	1.3
2.6	-3.2	2.4
3.6	2.7	-1.1
0.3	-0.1	0.2
-6.7	-1.7	-1023.5
1.2	-2.5	2.8
-0.2	-1.2	-6.3
-2.1	-0.3	-987.7
2.2	0.9	0.0
-6.8	0.5	-1.6
2.7	-1009.2	1.8
5.0	-4.7	-0.9
-1.6	-3.3	1.2
1.4	0.1	-984.4
1.1	2.6	-1000.9
0.1	0.1	-0.2
-2.6	-0.8	-1.3
-2.6	-5.1	2.0
0.9	-2.8	4.0
0.5	-1.3	0.8
1.9	0.2	6.4
4.2	3.6	-4.0
2.8	-0.3	2.5
0.8	0.9	-1.3
0.2	2.5	1.8
-9.6	-3.3	1.0
1.9	-3.6	6.3
-1.9	-991.6	-2.8
-2.2	0.6	-0.9
0.6	1.5	0.3
1.0	4.6	-1.2
14.2	-1.0	0.2
0.9	3.0	-900.2
0.3	0.1	-2.3
0.6	3.9	-5.0
2.3	-6.6	3.4
1.5	1.7	1.3
-4.9	-963.6	-0.9
-1.4	5.1	0.0
0.3	-3.3	-3.2
3.0	1.6	-3.4
-0.1	-4.2	4.5
-4.8	0.1	5.8
-5.9	1.1	2.5
1.1	-2.0	-1041.0
0.4	-1.9	5.0
-1.8	0.0	-0.3
-18.9	0.7	0.0
1.4	-0.8	0.3
1.8	-3.3	0.4
-28.1	0.1	-0.3
1.0	-1026.9	-1.5
-0.2	-1176.0	-42.5
0.7	0.6	-1.1
3.6	3.0	-0.8
0.3	-1.9	-1.2
0.2	-0.3	-0.5
4.0	-2.0	-3.0
1.5	-0.8	1.5
5.1	-0.1	-3.5
1.2	-980.5	-2.5
3.0	1.9	-1.6
-0.3	1.4	-5.3
0.7	2.6	-2.9
0.1	1.6	6.1
1.1	7.0	-0.2
3.5	-1071.7	1.7
3.4	-0.6	-1.0
1.7	-956.0	-4.3
0.8	-4.2	-0.4
-9.5	-963.5	0.6
-0.3	-3.2	1.4
-9.8	0.4	-1.0
8.5	1.8	-3.3
1.1	4.5	0.6
1.6	-1.7	-0.7
1.4	0.8	2.8
2.0	0.9	-5.2
4.1	-1053.6	-0.1
-1.7	0.7	2.3
0.3	-2.3	-2.5
0.1	-1.0	0.5
-2.1	5.2	-2.6
-1.3	-0.8	-1.7
-3.1	-1.1	0.6
1.8	-4.2	3.6
-11.0	-928.2	3.1
2.8	-1.3	-0.7
0.9	-0.2	3.4
-2.0	1.1	-2.7
-3.7	-0.8	-0.8
-2.5	-0.5	0.2
5.6	3.2	-4.8
-2.4	3.4	2.9
1.1	3.4	-1.3
-2.7	0.6	-933.2
2.6	3.6	-991.9
0.1	4.0	-1.5
0.0	0.4	-0.6
-2.5	-1.8	1.2
1.6	0.2	0.4
2.3	3.9	-3.2
1.0	1.6	-1018.3
0.9	3.6	-1.2
-0.5	-0.8	-3.9
2.6	-4.6	4.2
2.2	-0.9	1.5
1.7	1.0	0.0
-2.6	-0.5	6.1
-0.4	-1.1	-1.1
-2.0	0.1	-1.3
-1.0	-1.1	-0.5
-9.2	-1.1	-0.7
0.8	2.9	-2.4
0.6	-1.5	-1.2
9.0	-1.5	1.9
-1.4	0.2	-0.4
-0.4	-1.3	4.2
-1.2	-0.6	0.6
-0.2	4.2	-1.3
-1.2	-2.1	-1016.4
-0.6	-2.2	3.1
-0.7	2.1	-0.8
0.3	2.5	-952.3
0.3	-2.2	-1.2
3.6	3.4	-3.7
2.2	-2.5	1.5
0.1	0.6	0.5
4.7	-1.3	-1.3
-0.5	0.8	-948.5
1.8	3.1	-956.2
2.3	-1.5	0.1
-0.9	0.0	1.0
-18.5	-3.9	3.2
2.3	7.6	-4.1
-2.0	1.1	1.0
2.8	0.6	-0.7
-6.6	1.9	-3.2
-3.2	0.2	-0.4
-6.8	0.0	-2.3
3.0	-3.2	0.7
0.2	2.6	2.2
1.9	0.4	2.9
-1.6	-3.5	1.7
0.3	-0.9	-1.1
-1.4	3.4	0.1
6.0	-0.4	1.4
0.9	0.9	-0.5
-0.4	-2.4	-3.4
-9.5	-1.0	6.4
-0.4	0.9	-4.9
3.3	1.9	0.1
1.4	-1.0	-1.1
-8.5	-0.2	3.1
0.6	-1064.1	-3.9
0.0	1.1	-1067.9
3.0	-929.4	0.7
2.5	1.6	-3.9
-0.8	-1.9	0.7
1.0	-0.8	-0.5
0.1	-917.5	1.8
3.6	0.3	-5.7
0.6	1.6	-3.6
2.7	5.6	-6.8
-2.1	0.0	1.1
1.8	-2.6	0.1
-2.5	0.2	-2.5
2.3	0.9	0.7
-4.6	-1.5	2.6
2.1	-0.8	1.2
0.3	-0.3	-1.1
1.3	-1043.8	3.8
-2.5	-4.3	3.0
0.8	-3.0	3.7
0.7	-1.1	2.6
4.1	-2.5	2.8
-1.9	1.2	-1038.8
2.8	3.7	-6.3
0.0	-0.4	-0.2
1.5	1.6	-2.1
-6.3	-1.2	-1069.7
1.5	-1015.3	2.9
-0.2	-2.1	1.7
1.9	-2.6	0.5
0.2	0.6	1.0
-1.9	-954.6	-1.2
3.2	2.4	0.4
2.3	-0.9	1.8
1.0	2.2	0.4
-2.7	-1.1	3.8
-2.5	0.7	-0.4
-2.7	-1.4	-3.5
-10.7	-1.9	-1.7
0.6	1.4	-1.2
-1.4	-0.6	0.1
-7.9	-1188.1	-59.5
-3.7	2.3	-2.9
0.3	-936.1	-2.0
-21.6	0.5	-1.6
3.0	1.7	-0.9
-5.1	-1.6	2.1
-1.1	0.0	-1.4
1.1	-1.5	4.1
-1.6	-2.2	5.7
0.2	1.0	-1.5
1.0	2.7	-2.4
5.2	-3.7	-1.9
1.1	2.5	-2.9
-0.6	-0.4	-0.2
-2.9	0.2	-1.5
-1.0	-2.7	3.1
5.1	-6.1	3.8
2.8	3.1	-2.8
-4.8	-1043.5	2.2
0.4	4.9	-0.4
2.0	4.6	-0.7
1.1	4.1	-6.3
-1.8	2.5	-6.2
-0.3	-1.0	2.5
-2.2	0.1	-2.1
-0.7	0.7	0.1
1.7	-3.7	0.9
-0.4	-1.2	1.8
0.7	1.0	0.2
-9.8	-1.6	-1008.5
0.6	6.9	-4.0
-0.1	0.8	-0.7
-1.2	-1016.0	0.0
-10.2	-2.1	2.3
0.1	1.4	-3.6
2.5	0.2	-0.3
-7.8	0.6	-1018.2
2.7	1.8	2.2
2.5	-0.6	0.5
-8.6	-0.9	-6.8
1.0	0.2	5.5
-9.4	2.6	-0.8
1.8	-1.0	2.1
-9.3	-1052.2	0.6
-5.9	0.2	-1.3
-1.5	0.6	1.2
0.7	-3.4	-0.1
13.9	-0.8	1.4
3.4	-3.0	-1.1
-0.7	-1.1	-0.6
3.5	-962.6	-0.6
1.6	0.4	-0.9
-9.8	5.1	-5.9
-4.2	-2.5	5.9
-3.3	4.8	-1.1
2.4	0.1	1.0
-0.6	0.0	0.8
1.2	-1060.0	3.8
10.5	-1.1	-2.5
1.3	4.2	0.8
3.7	-0.3	3.0
2.2	1.5	-3.0
1.3	1.2	1.4
-0.5	3.6	-1088.2
-2.3	-0.3	-1.3
5.5	-3.4	2.2
1.0	2.2	-0.9
-1.5	-1.6	-1.4
2.1	0.1	0.5
-0.8	-938.0	0.4
-6.9	-32.6	-25.1
-3.2	0.6	-1.5
17.2	0.7	-0.5
0.8	2.4	-0.2
-0.4	-1.0	4.3
0.5	-0.9	0.2
0.2	-1029.5	0.9
1.3	3.0	1.8
-2.3	1.4	-947.0
-1.9	-1.1	4.4
4.3	0.4	-1.3
3.6	0.4	-0.2
3.3	0.5	-1.8
1.6	-2.7	0.2
0.5	-1188.0	-57.4
0.1	1.4	-0.1
2.5	-2.9	0.6
4.1	-5.5	4.7
5.2	1.0	-0.7
1.0	-1.0	-2.5
1.8	-1.3	-3.9
3.4	-3.4	1.3
-1.3	-3.1	-2.2
2.4	0.6	1.5
2.7	0.9	-1.0
-3.8	-1.2	-972.4
-1.4	5.5	-7.0
-0.8	-111.0	-108.1
-0.5	3.7	0.4
0.5	2.9	-3.3
-6.8	-2.7	-5.9
3.2	-0.1	-2.7
-4.8	0.3	-1.9
0.6	-0.7	2.6
-0.5	-3.3	0.7
0.4	1.1	-1.6
-0.3	0.7	7.0
-3.6	4.5	0.0
-32.5	4.9	-4.4
0.8	2.8	-1.9
-3.4	0.1	-1.8
-2.1	-1.3	1.2
2.6	0.0	0.6
1.4	-2.1	0.2
1.4	-0.1	0.4
-0.1	1.1	1.8
-10.9	2.3	-1.8
-3.2	-2.5	-936.0
-4.2	-1.7	-1001.9
0.5	2.0	-0.1
3.6	1.5	0.7
2.8	-2.3	5.2
0.1	0.1	-0.5
-4.5	0.0	3.5
2.4	-3.0	2.5
-0.9	-954.3	-0.6
2.6	1.7	-0.4
2.8	1.4	-1042.2
1.8	3.7	-4.1
0.1	3.0	-4.9
0.1	2.1	-1.0
-2.3	0.4	-0.7
-0.7	0.2	0.1
0.8	-1.2	-2.3
2.5	-1.9	-0.5
-1.9	1.8	-1035.1
-5.8	2.1	-1.9
-1.3	1.1	-2.6
1.5	-0.3	-993.1
4.9	-1.9	-2.1
-2.4	-1.5	-2.2
2.5	2.4	0.7
0.8	-1.6	0.0
-0.6	-0.1	-0.5
2.3	-0.4	-1.9
1.4	-142.7	-133.2
1.1	-1.4	-1.6
2.9	2.7	1.6
4.0	0.7	-0.7
0.0	-1044.4	-3.1
-0.6	-2.3	-997.9
-2.8	-1.3	-0.8
-3.0	-4.7	1.5
2.9	2.2	-3.7
2.3	2.0	-1.6
-0.4	-2.5	-2.5
3.5	-0.8	-0.2
-0.6	0.2	-4.2
4.3	-1.1	-1.6
0.3	-4.1	1.8
0.7	-0.9	-2.3
-1.3	2.6	3.4
13.1	1.6	0.3
-0.8	-3.0	-0.5
1.8	-994.9	-2.1
2.7	0.3	-1.4
2.0	0.5	-1.8
4.0	-2.0	1.4
0.1	-0.3	-1.9
-11.5	2.9	-2.0
-1.9	0.8	-0.5
-0.5	-1.5	-1024.1
-1.6	-3.9	-0.9
-1.1	2.3	-1.3
-1.9	3.3	-5.9
-2.0	1.6	-0.8
0.7	1.5	8.2
2.1	0.8	0.0
1.6	-2.5	2.6
-1.5	1.2	5.0
-9.6	0.9	0.3
3.4	-0.6	2.7
-1.9	6.0	-3.4
2.5	2.1	1.7
3.2	5.3	-1.5
3.7	2.0	0.9
3.7	-0.6	1.3
0.4	-4.4	2.4
-1.1	0.9	3.8
1.7	0.9	-4.9
0.3	-2.8	1.2
9.3	-1.3	-1.1
3.7	-5.6	2.1
1.7	-1.4	-1.9
1.6	-1.1	1.4
1.7	-1.9	2.2
7.5	4.2	-1.5
5.5	-0.2	2.2
0.9	0.1	0.4
0.1	2.9	-1056.5
2.3	-6.0	0.2
-1.7	1.8	-1086.3
1.3	-5.4	2.6
-2.3	0.6	0.1
-0.1	0.5	-1.9
-4.1	-4.2	1.9
2.8	2.3	2.1
-1.1	-0.4	0.1
0.5	3.2	-1.7
2.4	-54.6	-1183.3
-12.1	0.9	0.0
2.7	-2.8	-2.2
6.1	3.2	1.1
1.8	3.1	-0.5
0.3	-1065.7	4.8
-0.5	-2.2	4.8
0.2	1.3	0.3
1.5	-928.8	-3.7
3.3	-974.0	-0.5
12.4	3.4	0.8
-2.5	1.0	-2.6
2.3	0.7	0.7
0.0	-0.9	1.2
0.2	-59.6	-47.2
0.0	-945.1	-1.6
4.0	-0.5	0.3
0.6	-1.8	-3.4
2.1	3.9	0.1
-0.2	-0.4	1.6
-4.3	2.2	-5.4
1.2	0.6	0.3
6.2	-0.1	-1.7
0.2	0.1	2.5
3.4	-4.9	2.3
0.5	-140.2	-132.3
-4.4	-4.3	1.4
-10.4	-0.9	0.0
0.4	0.2	-1.6
0.9	-4.0	1.1
2.1	0.4	-2.5
2.9	-3.3	-2.8
-11.3	5.2	1.0
-0.8	0.5	-1028.2
8.7	2.8	-3.3
-2.1	0.1	1.8
1.4	2.7	1.1
-7.3	4.8	4.8
-1.3	0.5	-1.7
1.1	-0.2	1.8
-3.5	1.8	-1.5
-1.5	2.9	0.3
0.0	0.5	-2.0
1.1	1.9	1.9
-12.6	-0.7	1.4
0.4	-3.5	-0.1
1.9	0.8	1.5
-1.1	3.1	-1.8
0.6	0.1	1.0
-0.5	-0.8	0.5
-2.0	-1.5	-0.4
3.0	-0.5	1.9
20.7	-0.1	0.7
0.0	1.1	0.4
2.3	3.2	2.7
-1.4	-971.8	3.3
-3.1	0.6	-1.6
-1.6	-1025.6	0.5
2.8	-0.4	0.0
3.8	2.1	-3.7
-3.0	2.8	-0.9
1.4	1.6	0.9
0.7	-1.3	1.2
0.6	-17.1	-0.9
0.7	-1.9	2.0
3.2	-992.2	2.9
5.5	3.1	-2.0
2.7	-4.5	-1.1
-0.3	-5.2	6.4
2.0	2.4	6.5
0.6	-46.3	-32.4
-12.2	-963.5	2.7
-0.8	5.6	-1.4
0.6	-1.0	-0.6
-1.5	-0.1	-1.7
-1.0	5.5	-3.7
2.4	-0.4	3.2
3.5	1.0	-0.5
-2.5	1.3	4.2
-1.7	-1.3	0.5
-0.9	-0.3	6.1
-0.2	0.2	1.4
-9.6	-1194.5	-65.6
-19.0	-1142.4	-22.5
3.9	1.1	-1.2
1.9	-2.8	-0.4
-0.9	-1.5	0.9
-1.2	3.3	-3.2
0.2	0.2	0.2
-0.2	2.6	-1041.9
3.1	2.2	-6.8
1.4	-3.4	5.7
4.4	2.1	-3.4
0.2	0.6	1.5
-1.5	5.6	1.0
1.3	-2.0	0.6
0.7	-1.3	-0.5
-2.5	-2.3	5.7
9.2	1.4	1.1
1.3	0.1	-2.4
1.9	-0.5	0.4
-1.6	-1.0	3.2
-2.4	-2.5	-1.1
-2.7	-3.1	-2.7
0.4	-3.0	0.3
-0.4	1.4	1.6
2.9	-3.9	1.1
1.1	3.7	-6.0
0.0	3.9	0.6
0.4	4.3	-4.4
-4.8	-1009.7	-1.5
-1.0	-1.7	17.0
-4.0	1.0	-0.2
2.6	-0.3	0.4
-4.3	1.1	0.4
1.5	-1.4	1.1
-4.8	3.7	-1.9
8.4	1.0	3.6
2.8	2.9	-5.2
-12.1	-1.8	-0.6
0.0	-1.3	-0.3
0.5	-3.8	3.7
2.3	-960.4	0.0
3.2	-970.3	1.7
1.0	-1083.7	-2.3
0.8	-1009.2	-1.9
1.3	-1.5	1.2
1.7	0.1	-0.4
-8.0	-1.1	-2.7
4.5	3.0	0.6
0.0	0.7	-0.7
-3.1	1.7	0.5
1.8	-1.4	-0.9
1.1	1.9	-3.0
-3.3	-4.7	2.1
-1.7	3.2	-1.9
-0.5	-0.7	-2.2
-0.5	-1.6	0.5
2.3	-0.6	-0.3
1.3	-0.9	-2.4
-2.5	-1.3	1.8
-3.2	-0.7	2.2
0.4	1.0	-1012.1
1.6	-0.7	1.9
-1.7	-999.9	4.5
2.5	0.1	-5.2
2.1	1.9	-0.1
-0.9	-971.2	-2.9
2.4	2.8	-5.5
1.1	-3.9	0.3
-1.9	4.5	-4.2
1.7	1.9	-0.3
2.0	2.8	6.3
-2.4	1.1	-2.0
15.5	-1.3	1.7
0.1	2.3	-4.0
1.7	-918.8	-0.8
-2.4	6.3	-1.8
3.4	-0.2	-3.3
1.6	1.2	-0.1
3.4	1.5	-4.2
-1.0	-1.9	0.8
2.0	-18.7	-22.4
1.1	-0.5	-0.8
0.2	0.3	-0.6
0.5	-6.2	3.6
1.0	-0.1	5.9
-1.0	-0.5	1.0
10.7	-0.8	0.4
2.4	2.0	-5.0
0.3	4.3	-3.2
1.2	2.0	-1.7
-0.3	-1.2	-4.3
-2.2	-3.4	2.1
5.7	4.2	-3.9
1.4	0.4	-2.6
-1.4	-7.2	3.5
-0.4	1.1	-0.3
-0.7	-974.2	0.2
-1.1	-1.4	-4.9
3.2	0.5	-2.0
3.5	1.9	-6.7
-1.2	-2.3	-0.7
0.3	-1.1	2.6
1.8	1.4	-5.2
-1.8	-0.9	0.0
1.0	-0.8	-0.2
3.0	-13.8	-15.0
-0.5	-970.3	-3.0
-1.7	-2.0	5.0
-1.2	-1.7	0.1
0.1	2.1	-980.5
-3.0	-973.1	0.7
-1.2	-6.3	4.1
2.8	-0.9	1.4
1.0	-0.7	0.6
0.2	-1.3	0.6
3.3	-2.7	2.7
3.1	-0.6	0.7
0.5	1.9	-3.9
-0.1	0.2	-3.7
1.1	1.7	-1.8
2.6	-936.3	5.5
-7.8	2.5	-4.0
3.7	-982.9	3.1
6.0	1.2	4.6
2.7	1.5	-3.5
-1.4	-0.1	1.3
-11.0	0.9	-1.7
1.5	-0.7	2.1
-10.7	-1.2	4.0
6.5	-0.5	0.2
-0.3	0.4	-0.6
0.2	3.7	-999.9
2.1	-2.5	-0.8
-10.6	0.5	0.7
2.6	2.9	-3.0
-0.6	7.0	-3.0
-3.7	0.6	-7.7
-0.2	-1.6	-1.3
1.2	2.3	0.1
8.4	-0.2	-1.0
3.6	3.6	2.1
-7.3	-0.6	-985.7
2.4	-5.2	-4.5
3.6	-0.3	-1.5
-4.2	5.3	-5.7
2.8	-4.2	3.9
2.0	1.1	2.1
-5.5	-1.3	-1.9
-3.5	-2.0	2.5
4.9	2.6	1.0
2.3	-4.3	2.9
-0.5	0.4	3.8
-18.7	3.4	-1.4
3.9	-5.6	1.0
0.8	2.7	3.3
1.4	-2.0	3.8
-2.7	0.2	-3.6
2.5	-0.3	-1.0
0.1	3.5	-1.5
-0.4	-0.3	5.8
3.2	-0.1	-3.5
2.5	2.3	-0.9
-4.5	-2.0	0.5
-2.0	0.1	1.8
0.6	1.9	-2.1
0.0	-1.2	-1.1
-7.3	-3.3	-4.1
-1.6	0.0	3.8
-2.3	2.1	-0.6
2.2	3.2	-3.1
3.2	-1.0	1.0
4.5	2.4	-5.0
0.4	-0.5	-0.6
1.4	1.9	-926.9
2.2	-2.3	4.0
2.3	-0.8	-1.3
-2.3	0.5	1.3
-2.0	-2.6	-3.1
3.0	0.7	0.1
0.6	-1017.4	-3.8
-12.9	-1.5	-0.7
1.7	2.4	-0.5
0.0	1.1	-1.2
0.8	1.5	-2.8
-13.1	-1.1	1.7
0.3	-0.3	-0.5
-6.8	-5.2	-1.8
-1.0	-0.2	-0.9
-2.6	0.4	-1013.8
1.3	4.1	-5.0
-12.4	-1.4	2.1
1.0	-0.3	0.9
-0.8	-1.0	-0.3
-0.3	-2.9	0.0
4.8	-76.7	-60.8
-2.3	-0.3	-0.7
1.9	-0.9	1.3
3.0	-1.9	0.6
1.6	-4.8	-2.6
3.3	-2.2	1.0
-2.2	2.9	-2.9
1.3	-0.3	1.2
1.3	-3.9	1.5
-4.4	-0.5	-1.9
-4.0	-924.8	-1.6
-8.4	-0.9	1.1
-0.8	-2.2	0.8
-0.7	-1.0	-0.3
-0.8	-2.6	1.2
3.2	-1.8	0.9
-1.9	-1.2	-0.3
-0.9	-6.1	-1.3
2.8	0.3	-0.4
0.5	-1.7	0.3
0.6	1.8	2.8
2.9	7.3	0.0
-4.8	1.2	-1099.0
-6.8	-2.9	0.0
0.8	-0.5	-4.0
-1.9	0.1	-1.5
0.0	3.4	-1.3
39.8	0.4	73.4
3.1	-0.1	-1018.5
-0.4	-0.5	-1.9
1.4	1.2	2.8
1.8	-974.6	1.5
1.2	-1068.7	3.3
2.8	-1109.9	-0.4
-0.7	0.6	-5.4
-0.3	0.2	-0.8
1.0	-2.0	0.2
0.5	-0.3	-0.4
4.1	-2.5	2.8
-1.5	-1.5	-1.9
3.6	-0.8	-0.2
1.9	0.2	0.3
-0.2	1.1	-0.1
-1.5	-2.1	0.0
1.1	-0.7	-1.4
3.5	1.7	-4.7
-1.8	0.4	0.2
-2.7	-6.1	4.0
-1.1	-3.7	0.0
-0.3	2.0	1.5
-0.2	0.2	0.1
-1.3	-4.2	2.1
-4.2	-3.7	0.8
-1.1	0.0	1.9
-0.2	3.3	2.3
7.6	-1.7	-1.1
-0.9	0.5	0.0
5.7	-1.1	2.6
1.7	-5.4	3.0
0.7	0.1	-0.1
-9.5	-0.8	-0.4
3.1	0.4	1.7
-1.3	-977.0	0.3
2.0	0.9	-2.0
-2.5	-0.7	0.3
1.0	-0.9	0.1
-2.6	2.8	-2.9
-1.1	-0.3	-1.1
-0.2	0.8	0.0
-1.7	-4.1	4.1
3.4	-3.5	1.4
4.6	2.3	-4.4
-7.2	1.4	0.6
2.2	-1.5	2.2
-0.7	-2.8	1.6
-3.1	-6.1	4.9
3.9	-0.3	-0.3
-0.3	-1054.3	-3.9
2.9	-1044.3	4.6
-0.6	-955.4	2.8
1.7	1.4	-1.7
-0.3	2.3	2.4
-1.8	1.5	-1.3
-1.7	-0.2	0.1
4.0	-3.2	-0.8
3.7	-1.8	0.1
2.2	2.9	-0.4
10.9	1.1	-995.0
4.9	1.8	-2.3
-1.1	-2.8	0.7
1.7	2.3	0.4
-10.3	-2.4	-2.8
-1.7	-2.5	-1.0
-0.5	-1.0	0.3
1.6	0.2	0.9
-2.9	1.7	-1001.7
-3.9	-0.5	0.0
-0.9	0.6	-0.4
-1.9	0.0	-0.1
3.3	-2.5	0.4
-3.2	2.6	0.4
-0.5	-1.3	-1.9
-0.2	-1082.1	2.5
1.2	-2.2	0.6
-2.6	3.4	-2.9
-2.9	3.7	-4.1
0.0	0.9	0.9
1.6	-0.5	-2.7
-0.9	2.1	1.6
-1.2	1.4	0.5
1.1	0.5	2.3
-0.3	0.1	0.6
-2.5	4.2	1.1
4.2	-4.3	3.2
-0.7	-1.8	-981.6
4.4	-0.5	-1.7
-8.8	-0.1	-1.1
0.5	0.3	-0.1
0.0	3.4	-3.7
-0.9	0.0	-1.0
3.1	0.5	-4.7
-1.9	-0.1	0.1
0.5	-2.1	-1.2
1.8	-2.3	-0.2
2.7	0.9	-5.3
3.2	1.7	0.1
3.3	-0.6	-5.8
-3.8	2.1	-4.9
2.2	1.7	-1092.8
2.3	-0.4	-3.2
-2.6	2.2	-4.9
-1.4	-0.5	3.5
-6.9	3.1	-1.6
0.3	-1.1	-1.3
-1.9	0.6	0.2
-0.1	-7.7	1.3
1.0	-0.7	-1.5
1.1	-0.8	-2.6
1.1	1.7	1.6
-3.0	2.8	-918.8
1.8	3.4	-4.7
-0.4	-0.6	-1.1
0.3	3.4	-0.1
0.7	-0.4	4.4
6.3	1.3	0.5
2.1	-2.7	1.5
-1.0	2.0	0.6
2.2	-1.4	1.0
-2.5	3.1	0.2
5.3	-2.9	2.5
1.2	-938.0	0.5
-1.0	-2.5	2.0
0.1	3.1	3.2
-9.7	6.3	-1.9
2.7	-1.2	-1.5
1.2	-1.0	-1.2
1.8	0.9	1.9
0.9	-3.4	-3.3
-1.0	-0.1	0.5
2.4	-7.3	-2.8
-1.6	1.4	-5.6
4.1	-980.7	-0.3
40.7	-0.4	1.6
3.6	-1.0	2.5
-0.4	5.3	-3.0
-0.7	0.6	0.8
0.4	1.7	-0.7
4.1	-1.9	2.8
1.9	-1.2	4.1
-1.9	0.5	2.1
0.5	1.2	-0.9
-3.1	0.2	-1030.1
-3.4	0.9	-3.5
0.6	6.6	-2.7
-5.3	1.3	-1.9
-2.6	-2.0	0.3
5.5	-33.3	-26.5
0.6	0.3	-1018.8
2.6	-0.9	2.3
-1.8	2.2	-0.9
-0.4	-0.9	-3.2
1.9	1.3	-0.1
-1.7	-2.0	0.3
3.0	0.8	1.4
1.8	0.1	0.4
0.7	-2.4	0.9
1.5	1.1	-1.0
1.3	-1.7	1.2
-0.5	1.4	0.4
-0.7	0.5	-1.1
1.4	-4.3	3.6
-0.7	0.2	2.0
-1.3	0.7	-0.4
0.4	-997.6	-0.3
3.1	2.4	0.1
-1.1	-6.4	0.4
4.4	-1.2	0.8
-3.3	1.5	-0.2
1.2	-0.3	-0.6
2.9	0.0	-1.3
2.6	3.2	1.9
5.4	2.8	-0.6
-6.3	0.6	0.0
-1.2	2.8	-2.9
2.9	2.1	-0.2
-2.3	1.5	-3.0
1.5	0.6	1.8
0.0	-1.3	2.2
-24.3	0.7	-1.8
2.0	-1.8	-1.4
1.1	0.4	-933.4
0.3	-3.5	2.4
-4.3	0.6	0.9
5.1	2.7	-5.7
-2.0	-1049.7	0.9
2.2	-980.5	-0.5
2.9	3.0	-2.8
-1.4	0.0	-1.1
0.6	-0.3	2.3
6.7	1.2	-1.2
-2.0	5.2	-5.6
0.0	-1021.6	0.1
-3.7	2.3	2.4
-7.8	4.1	0.7
-0.4	0.7	-1.4
-0.8	-0.8	2.3
-0.2	-4.2	4.7
2.1	-1.7	-3.3
2.6	0.3	-0.7
-2.3	5.0	-1063.7
-2.1	-3.7	3.6
5.7	1.4	0.6
-4.5	2.3	-2.7
-0.1	-0.2	-0.5
-1.3	-1036.7	0.7
-1.6	0.7	1.2
3.3	-0.6	0.9
2.1	0.3	0.8
2.2	-0.4	0.0
-4.4	0.5	-5.6
8.8	-0.9	4.3
0.0	-0.6	0.7
-0.3	2.9	-0.2
-0.5	-5.1	0.4
3.3	0.6	-1053.1
-2.8	-4.5	0.8
-2.6	1.7	1.5
0.6	-2.7	0.9
-22.4	0.3	-0.7
-13.6	1.5	1.7
-1.2	-2.9	0.1
0.5	0.3	-973.1
-3.8	0.5	-1.9
-0.5	-3.3	-0.1
3.9	1.1	0.2
-0.4	-1008.6	-4.2
-10.4	0.9	1.5
-1.5	-3.5	2.8
-7.5	-1.2	0.2
-1.3	0.0	0.2
0.4	0.7	1.6
-6.2	1.4	0.4
0.5	-0.8	-1.0
-7.2	-1.5	-1.3
-0.7	-1.9	4.1
3.7	1.8	3.5
1.4	2.0	-2.9
5.1	-1.3	-0.7
-2.3	2.1	-3.0
-1.7	0.3	-3.3
1.2	-1.9	-0.3
0.0	0.2	-2.4
3.7	-1065.9	-0.8
-0.4	-1008.7	-2.7
1.7	2.5	-1.3
9.2	-1.4	-0.6
-6.3	-0.5	1.0
3.7	-2.0	-1.2
-3.3	0.4	-0.7
-0.3	0.6	1.9
-1.2	-2.7	-1.7
0.5	3.1	-3.6
10.5	-1.5	-1.2
1.0	3.0	-2.3
-1.0	4.2	-2.1
0.3	0.9	0.3
2.2	1.0	-3.0
1.9	-0.2	-2.9
6.5	-0.9	2.3
-1.3	-0.5	-3.1
1.9	-1.0	-0.5
-6.5	-0.5	-0.4
0.1	4.3	-2.0
3.3	0.7	-0.4
5.9	-1.1	55.1
3.0	-1.9	2.5
2.3	-2.1	3.3
-0.5	-7.1	-2.1
-1.1	0.1	2.0
1.7	0.0	-0.8
-1.3	-0.2	-0.2
0.8	-2.6	-0.9
0.7	2.2	-3.0
-2.2	-2.4	1.0
5.0	5.1	-4.6
1.0	-4.3	5.5
0.6	0.9	-1.2
3.8	4.3	1.4
-0.1	-3.0	1.0
2.6	1.5	-984.4
-2.2	-1.6	-1.8
0.9	-2.1	3.0
2.1	-956.9	0.1
-4.0	0.9	2.5
4.6	-1.2	0.0
0.2	-948.8	0.9
2.9	-1051.7	-1.9
-0.1	7.7	-0.1
1.9	2.9	2.6
0.4	1.2	3.0
-5.1	1.1	-1038.0
2.3	0.6	-0.2
0.5	-0.8	-989.6
-1.6	3.0	-4.9
0.7	0.1	-1.6
-3.3	-0.1	-0.7
2.5	-0.3	0.4
4.2	3.0	-1.1
-1.7	0.5	-1.4
-2.0	-2.5	-1.5
-0.3	-1.5	2.0
2.3	3.4	-2.9
-1.6	-1.0	-944.6
-5.8	-0.4	0.4
-15.6	-0.7	-1.3
1.4	0.6	-0.3
2.9	2.4	3.5
-8.1	-3.9	-0.5
-6.4	-3.1	4.3
-3.7	1.6	1.4
-0.6	0.1	-1013.3
-4.6	0.2	0.3
3.0	-1023.5	2.8
1.3	-1005.8	-1.9
3.3	0.6	-0.6
-0.2	2.1	-7.3
-0.3	-35.7	-22.2
3.5	-0.4	-0.7
-2.5	-2.3	-1.4
9.3	-0.3	0.9
2.4	3.7	1.5
0.0	0.0	-0.8
0.5	0.3	-1.0
-2.6	1.2	-0.5
-2.6	0.5	0.0
3.1	2.5	-1060.7
2.4	0.9	0.3
3.3	0.0	-0.5
1.0	3.4	1.2
-11.8	-2.4	-2.6
0.3	0.4	1.2
-8.7	0.5	-0.4
0.9	4.4	-3.6
1.6	-3.1	-2.9
1.0	0.5	-1.6
0.8	3.9	-0.9
9.8	0.4	1.0
1.9	-0.3	-1.6
0.5	-3.7	0.3
-3.2	-1024.3	0.3
2.7	-3.1	-1015.8
-13.0	-0.4	0.9
4.1	1.7	0.8
7.6	-2.7	-4.0
4.0	0.3	-0.9
3.8	-0.4	-0.3
2.0	1.0	3.1
-0.3	-5.7	0.2
3.3	-3.4	2.3
-1.7	0.4	-3.9
3.5	2.8	-2.6
2.6	-0.4	0.3
4.0	0.9	-1046.3
2.2	-2.7	-0.4
5.9	0.2	-2.9
1.5	1.0	-2.5
-0.4	-2.5	0.4
2.4	6.1	-3.6
0.9	0.8	-1.5
3.9	1.9	3.1
0.5	-7.2	-2.0
0.3	-2.7	0.4
3.5	-1.7	-0.5
2.9	-1.9	3.1
0.9	3.0	2.3
1.3	-2.6	2.2
-1.2	1.4	-1.8
2.8	-1.9	3.1
1.4	-5.4	3.1
0.6	-0.6	-0.2
1.9	2.1	0.8
0.4	1.8	-1.3
1.8	-1.7	1.5
1.1	-2.7	-946.1
0.7	2.1	2.7
0.4	-1080.1	-2.1
-4.7	1.3	2.1
3.5	-0.1	-2.8
2.1	0.9	-2.6
0.3	-0.4	-1.5
3.9	2.2	1.6
2.3	2.8	-1.1
-1.3	5.4	-4.6
-1.4	0.1	1.7
-1.7	-1003.4	3.6
-1.8	-0.1	-0.8
-1.0	1.7	2.1
-11.2	-1015.8	2.1
2.8	3.4	-979.7
-3.3	-5.5	3.5
0.0	-1097.0	0.7
-3.9	0.2	-0.6
3.8	1.9	-3.2
-1.3	1.0	-948.8
-0.8	2.4	0.0
0.8	2.5	-1.7
0.0	0.1	-1.0
-0.3	-4.0	-0.9
-1.5	-1.3	-1.5
2.4	-4.0	-0.7
3.1	-4.0	7.0
-0.3	-2.2	-1.2
-2.7	-1.2	-2.6
2.4	-55.9	-1180.1
-1.1	2.1	2.1
1.5	1.0	-2.7
-0.2	-0.6	0.0
1.2	-5.4	2.7
1.8	-1.0	3.6
3.6	-0.4	-0.4
2.6	1.8	0.1
1.4	1.6	-955.3
0.7	2.1	0.5
1.4	-0.4	-1009.3
0.3	-2.0	2.2
2.4	1.3	-0.7
0.8	1.6	-1040.9
6.9	-65.4	-56.0
2.7	2.1	1.1
-0.9	0.6	-3.3
0.9	-1.3	-2.9
1.8	-1038.2	1.1
1.8	-4.3	4.7
-1.5	5.4	-2.0
-1.5	2.2	0.2
0.1	-1.8	-0.5
1.4	-1039.3	1.8
3.0	3.4	-982.8
1.4	-1045.9	-0.6
-3.6	-0.2	-0.4
-0.8	-0.1	0.7
-0.2	1.2	3.3
-1.0	0.2	-0.7
1.1	-0.6	-2.1
2.4	1.5	-6.2
0.0	-5.6	2.7
-1.0	3.4	3.7
3.3	-2.3	3.6
0.5	-4.2	2.3
1.7	-4.4	-1.1
-0.4	3.6	0.5
-0.5	7.3	0.5
3.5	-945.6	0.6
-1.2	-2.4	7.2
-1.2	-1.5	-1.4
-1.6	4.4	-1049.8
-0.5	1.4	2.7
-0.6	0.0	0.0
0.8	-0.3	-0.6
0.3	-0.6	-2.2
1.4	0.1	0.1
2.1	3.5	-2.0
0.3	1.4	-1.9
7.8	-0.5	-0.3
1.7	-2.6	2.6
-1.8	1.7	-2.0
3.2	0.9	1.5
-1.1	-2.6	-993.2
0.6	0.3	-0.8
3.7	2.6	-0.3
-0.7	0.0	0.2
-24.7	-2.0	1.4
3.3	-0.3	0.5
1.4	1.6	-1.3
-2.4	6.6	-4.8
-1.2	-1028.6	-0.8
-7.6	3.1	-0.1
-0.2	8.5	-5.3
4.6	2.8	-2.2
2.6	-3.2	-1.8
-5.9	1.1	1.2
-0.2	-1.9	0.3
5.2	1.1	-2.4
-2.7	-0.6	0.5
2.1	0.1	1.8
-0.3	5.2	-3.3
2.9	1.6	2.4
2.0	7.5	-3.9
0.9	-964.2	-2.1
1.9	-6.3	1.1
2.0	2.0	0.3
0.5	2.3	-1.1
-8.6	5.4	4.7
-3.1	1.4	1.0
-4.7	1.8	1.2
-0.7	0.0	-2.5
-11.1	2.4	1.7
-11.5	0.7	0.2
2.7	0.2	0.3
-0.5	1.2	0.1
4.6	0.6	0.1
2.0	-3.2	-978.2
2.2	1.1	-3.5
-6.9	1.5	-0.2
-4.2	-2.3	0.1
-0.5	1.5	-1046.9
-0.7	-0.1	-0.5
-0.4	-2.6	-1.3
1.8	4.7	-4.9
-3.8	-3.5	5.5
-2.3	1.2	0.8
1.4	-1002.0	3.3
-1.2	-0.3	1.5
-3.4	2.8	-972.0
1.7	-3.2	1.6
1.0	-0.2	-1.3
1.9	-0.7	-937.6
-8.5	-0.1	-0.5
0.5	0.7	0.3
0.6	4.3	-6.1
0.8	-2.0	-6.7
-2.7	-1.7	-1046.0
1.6	-1.0	3.2
0.8	-1075.9	-1.2
4.1	-2.0	0.3
-0.6	-1.0	5.1
-1.4	1.5	-1.3
1.7	-0.1	3.1
-5.7	-3.0	2.7
4.5	-0.2	-1081.8
3.7	-1.9	0.8
2.7	3.2	1.5
0.7	0.8	0.4
-7.0	-3.2	0.6
0.9	-0.5	1.1
1.0	-1.1	0.1
-1.4	2.3	0.2
-1.5	-0.7	0.6
1.4	-0.1	0.7
1.1	5.1	-2.5
0.4	4.9	-2.3
2.1	-1.4	3.1
-0.3	-985.8	0.4
-0.5	-1.5	1.0
-14.8	-0.9	0.2
2.1	2.3	-1.5
3.8	5.1	-7.4
4.3	5.9	-964.3
3.6	1.2	0.8
4.9	1.1	-0.5
4.0	-2.4	2.6
1.1	0.7	0.2
3.3	1.6	-960.5
0.0	-2.1	-4.3
1.2	0.2	-0.4
-2.8	0.1	-958.3
1.4	-1.1	2.1
1.4	0.5	-5.9
-0.3	-5.8	3.2
3.6	-983.4	-2.4
-15.2	0.7	1.5
9.8	-1.7	-0.4
2.4	0.5	-0.3
3.8	1.8	1.0
-3.9	0.4	-0.6
-2.6	1.6	1.4
-0.3	-1059.1	0.1
1.5	-25.9	-33.0
-1.4	-2.8	-909.9
1.2	-0.1	-982.2
-1.9	-0.4	3.9
-0.4	0.5	-2.2
-2.2	-1.0	-0.3
2.0	0.3	-0.5
4.8	-0.8	1.8
-3.6	-1.9	2.4
-8.5	0.5	-0.8
-8.9	-5.0	8.4
-2.7	-0.1	-2.0
1.3	4.3	-8.1
1.9	0.0	-3.5
2.8	-1.4	0.1
0.1	5.5	-4.7
1.4	-3.8	-5.8
2.6	-0.8	-0.3
2.7	-2.7	5.3
2.0	-0.2	-0.3
2.3	2.3	2.0
0.3	-1.0	2.1
-16.4	1.4	-3.7
-3.0	0.4	-0.8
3.6	-1.6	2.4
-0.7	-1.6	-0.2
0.2	0.9	2.2
1.2	-1.2	1.5
1.2	-0.9	-1.8
3.6	-3.1	2.3
0.9	-0.6	2.9
-1.4	2.1	-1.3
-9.1	-1.1	0.2
6.4	-970.0	-2.3
5.4	-2.6	4.3
3.9	1.1	4.6
3.2	2.9	-5.7
0.1	-2.1	3.3
2.5	-0.8	2.0
-3.0	0.3	1.2
3.1	-1017.2	0.7
-2.8	0.1	0.6
3.6	-1.2	2.3
2.2	-2.4	1.8
-2.5	-1.1	4.8
3.6	0.2	-2.4
2.7	6.0	0.5
1.9	1.4	2.4
-3.4	0.4	3.9
3.0	3.0	0.9
0.1	6.8	1.1
-8.1	-4.4	0.1
8.1	2.0	-1.9
1.2	0.8	0.7
2.8	3.5	-1.9
-0.9	2.7	-2.0
1.5	0.0	1.7
-0.2	0.4	0.5
0.0	0.1	-2.3
4.8	-1020.6	1.1
4.1	0.1	-1.9
2.9	2.9	-2.5
-3.7	-1.2	-1061.2
3.5	0.1	-3.9
0.9	-925.8	2.7
4.2	4.1	1.0
0.7	-1.1	-1.2
-0.5	2.0	3.7
0.5	1.5	2.5
2.9	3.3	1.0
2.0	-1.4	-0.9
2.5	-929.0	-2.7
1.0	0.8	-1052.3
1.7	1.7	-3.3
0.0	1.3	-1.2
-1.0	-1.5	-1.8
3.1	-0.1	4.3
4.9	2.4	2.2
22.6	2.2	-1.6
-2.8	-2.2	-3.7
5.3	-1.0	0.8
0.5	3.2	-1.1
0.3	0.5	0.7
-9.8	-1.5	-0.7
1.3	-4.1	3.7
-2.0	0.6	0.6
0.6	-3.5	2.8
-1.8	6.5	-3.9
140.7	0.1	-1.0
1.6	-2.1	2.5
-1.1	0.2	1.7
1.3	-3.2	0.9
-1.7	-4.1	4.6
-9.3	4.5	-1.4
1.8	1.1	0.0
-3.9	0.0	-1.4
-8.2	-0.6	0.8
-0.2	-3.9	0.0
10.8	1.9	2.7
2.8	-2.1	-2.0
0.5	6.1	-0.6
-0.1	-1.1	-1.4
1.7	-1032.4	0.1
-0.6	0.0	-1011.2
0.1	0.1	1.5
-19.0	-1028.5	-1006.6
-2.3	-2.1	2.2
1.1	3.9	-2.2
-5.3	1.2	2.2
2.5	-0.9	5.4
1.7	-0.5	5.2
1.4	-5.7	2.3
0.4	1.3	0.3
-4.0	-0.2	-0.4
-15.2	-3.6	-0.3
-1.3	-918.8	-0.4
4.3	-1.5	0.3
1.0	-0.1	-1.6
1.0	2.1	0.1
2.0	0.7	2.0
2.5	-3.8	-3.0
-6.3	4.4	-2.8
-14.1	2.2	-1016.0
1.7	1.1	-0.5
2.5	-1.5	0.9
-0.6	-0.1	2.1
-0.3	1.0	-0.1
-9.3	0.2	-1.1
0.4	-2.6	0.2
1.8	-0.5	1.0
0.9	1.7	1.8
1.2	0.6	0.0
0.8	0.6	6.6
0.9	-4.1	-0.6
-5.1	-1.1	3.1
4.4	1.2	-4.0
-11.5	4.6	-3.9
-2.1	4.7	0.8
-1.0	1.1	-1.4
7.3	-1.4	2.5
1.3	-0.2	0.8
1.1	1.7	-1.9
2.7	6.4	-2.3
-2.1	-2.1	2.3
-1.6	-1.2	1.5
-1.1	0.5	1.2
1.6	1.6	1.2
9.0	-4.1	-1.7
0.6	0.8	-971.6
-9.5	0.7	-0.4
1.6	-1.1	-0.4
4.1	-1.1	1.7
-3.3	3.0	-4.3
5.3	-0.2	3.4
3.8	-2.1	0.8
1.9	-1.2	7.0
5.3	3.9	-2.1
0.9	-1.1	2.8
-1.1	-0.2	-1073.6
-8.9	-2.5	-3.2
-1.8	1.4	2.5
-3.8	-0.6	-0.7
-1.1	-1.3	-1.0
3.2	-0.6	-0.2
1.6	-1.6	-0.3
-0.3	-4.1	2.5
0.6	-0.9	-1.3
2.5	0.7	2.0
0.5	2.8	-1064.7
1.8	0.7	0.6
3.9	1.4	-4.3
0.1	-4.4	0.7
1.7	-1.6	-0.3
1.7	-1.6	-982.4
0.9	1.6	1.8
-0.1	-0.8	1.9
5.0	3.1	-5.3
7.7	-1.9	0.6
2.7	1.0	0.1
0.7	-0.3	-0.3
4.0	1.8	-2.9
-0.5	3.4	-3.5
-4.5	-5.2	-0.2
-3.7	-1.3	1.1
-0.2	-0.8	0.8
0.2	2.3	-1.5
-1.2	-0.4	-0.2
0.2	-1.2	-1.7
-2.0	2.3	-3.2
3.3	-1.7	-1.6
0.7	4.4	-6.1
1.5	2.9	-1.8
-5.9	0.5	0.5
5.4	-1.9	-0.4
1.4	-965.5	1.0
1.7	0.5	1.3
2.5	0.8	2.3
0.8	0.5	-2.9
-1.7	-1.7	-2.6
3.7	-55.4	-47.2
-3.0	2.9	-0.4
1.1	-0.7	-1.2
1.2	-2.5	-0.7
-0.3	2.4	-6.3
13.3	-0.9	3.6
-4.6	-0.1	-921.9
-0.4	-2.5	1.1
-2.9	-0.1	-939.3
5.6	1.3	-0.9
-2.7	0.1	-1.9
2.0	-1010.1	-4.3
-0.4	2.5	-967.2
-1.8	1.9	-3.3
1.4	-0.2	0.2
2.4	-2.4	1.2
-2.4	-0.1	0.3
-0.7	-5.0	-13.1
-0.2	-1.0	1.2
0.3	-1062.8	0.2
2.5	-1006.5	1.6
-2.8	-1184.5	-48.6
0.3	-0.2	-967.1
3.0	-5.9	3.2
-0.6	-0.6	-0.4
2.1	1.6	1.3
4.3	-1.8	2.8
-3.9	-1.4	-2.8
2.4	-2.8	5.5
4.4	-3.3	3.9
-0.4	-1035.6	5.8
-16.4	1.7	2.1
-1.5	0.0	-0.8
3.1	-0.9	2.2
-1.9	-1.0	1.3
-3.2	2.3	-3.0
0.5	-3.6	1.3
5.0	-0.9	-1.0
2.4	-1.1	-5.1
1.4	-1.1	5.2
-0.4	5.9	3.9
0.4	3.7	-0.4
2.7	0.5	-3.7
0.2	-0.8	-3.7
-0.2	3.4	-919.4
2.3	-2.0	2.2
-0.2	-2.2	-0.7
1.3	5.7	-3.3
-1.7	-0.4	1.3
0.6	-0.8	-1.5
1.2	-0.1	-0.1
-1.1	1.0	-1009.4
0.1	-2.0	-2.5
5.7	-0.6	-2.2
3.8	2.9	0.5
1.1	-0.3	-1.3
-0.1	-0.1	-3.7
-2.1	4.6	-1061.1
-2.8	0.4	-2.8
-10.6	2.7	-2.0
-3.8	-4.0	1.4
-3.4	-983.1	1.1
-3.6	-3.6	-3.2
-1.3	0.0	-1021.8
0.0	-1.1	1.4
2.3	-916.1	-1.8
0.2	-3.8	1.4
-2.9	-950.1	-0.7
-3.7	-1.1	-0.3
0.5	0.0	0.1
1.5	0.0	0.0
2.1	1.3	-0.3
-1.6	-1.7	-0.9
-9.5	5.7	-1.8
4.3	-3.1	-0.6
1.3	1.3	1.8
-7.9	0.1	-1.0
-8.7	-2.5	-0.5
1.1	0.4	1.4
-2.9	-938.2	3.8
0.9	4.2	-0.4
-2.1	-1.9	3.7
0.5	-1069.0	0.9
-2.2	-2.2	1.8
-22.8	-2.3	0.3
3.7	-0.1	2.4
-0.7	-0.3	-2.6
-3.7	-0.6	1.2
-2.6	0.3	1.3
-3.7	0.4	1.4
2.9	-0.8	0.7
3.3	2.3	0.7
0.1	-956.7	0.6
1.8	1.0	0.8
-2.9	1.0	-0.5
0.9	-3.7	6.3
4.0	-0.4	1.0
1.3	3.0	-0.3
-2.5	-1.4	1.5
-12.3	4.5	0.4
-1.0	0.6	2.8
-3.2	-0.6	-2.3
1.4	-0.5	1.2
0.0	-3.1	-1.1
-0.1	-0.9	-1.1
2.7	4.5	-2.6
-2.5	-0.3	-0.7
1.2	4.3	-1.2
4.0	3.5	-946.4
3.1	-1016.4	2.1
1.9	-957.2	1.3
0.7	-0.8	1.7
-1.4	0.4	-1.6
-0.1	0.4	1.5
-1.2	2.3	-1.1
1.1	-2.1	-2.7
3.0	-2.5	0.6
1.3	-3.2	0.4
-6.7	0.0	0.7
0.6	-3.5	2.4
-1.3	7.8	-4.2
-1.7	3.6	-3.7
0.8	-7.3	2.9
1.3	0.8	-1.7
-1.2	0.0	-980.3
-0.2	0.1	-0.1
1.2	0.2	-2.2
-4.1	-0.9	1.2
0.6	-1.0	-4.7
8.1	1.3	1.8
10.6	1.6	0.2
1.2	0.4	-2.9
-2.1	1.2	-1.1
-0.4	-0.9	-0.7
-1.2	-2.4	0.4
-0.8	2.5	2.4
1.0	-2.8	-0.8
0.9	-2.0	1.5
1.4	-1.3	4.4
0.7	0.4	-0.2
-1.4	2.8	-4.1
1.2	-1057.8	0.9
0.4	1.1	-6.2
1.3	-5.9	2.6
-1.4	-0.1	1.2
-1.7	0.0	1.1
-9.7	-1.8	0.3
0.4	-0.8	0.1
2.2	0.2	-4.2
-0.4	-1.5	5.7
-1.1	0.6	-0.3
-1.6	-4.1	3.7
1.9	-1.1	1.0
-2.5	1.1	-0.4
1.0	4.8	-3.8
0.3	1.0	1.2
1.6	-1054.6	3.3
-3.1	-990.3	0.6
-2.9	0.5	-1.6
1.7	-2.3	-0.6
-3.6	1.1	-1060.0
-1.8	-0.6	1.0
-1.6	-957.3	1.4
1.4	-2.4	2.6
2.1	-1.0	-953.6
-1.6	0.1	3.2
0.1	-0.9	-1.3
2.7	-5.3	1.9
0.0	-1.6	3.0
2.7	-0.6	-1.6
-9.4	1.4	0.5
-0.7	-0.7	-0.7
1.2	0.9	2.3
8.7	-2.1	2.1
0.3	1.9	2.6
3.0	-0.3	-927.0
-0.7	2.1	-3.8
3.0	-1077.7	4.0
4.5	-6.3	4.0
-0.9	-2.7	0.3
1.5	0.1	-0.5
0.1	-1072.0	-1.9
-1.9	-0.6	0.5
4.0	2.5	0.0
-11.7	-2.4	3.1
8.1	3.7	-6.0
-2.6	2.7	-2.2
-1.4	-1029.0	0.2
-10.9	0.7	1.1
-0.5	2.3	-0.5
3.4	3.5	-0.2
-11.6	-1.8	-1.4
-2.7	-2.3	-1.0
-1.6	-2.0	-0.7
2.8	-3.3	2.5
0.7	-7.1	4.4
-3.1	-2.2	-0.1
-3.5	0.1	-1.0
-3.0	-4.3	-3.0
-0.9	-0.4	-941.3
0.6	-0.6	0.5
3.7	-0.6	0.3
-4.6	2.7	-0.1
0.9	3.0	3.2
-0.8	-2.9	0.0
1.2	2.3	-6.0
0.1	2.2	1.1
-0.9	-2.3	-0.3
-1.7	0.5	-0.2
0.0	0.1	0.1
4.3	0.1	1.2
0.4	0.3	1.7
1.2	-0.7	4.9
-1.2	1.0	-3.3
0.6	0.6	5.3
0.0	-1016.3	-0.6
-15.4	-1055.2	1.0
0.7	2.4	-1.1
-1.8	2.7	3.7
-11.2	2.6	2.0
0.2	1.8	-1.6
1.0	-1.6	0.0
2.5	0.6	2.0
1.2	-0.7	0.5
-3.5	-2.8	1.4
2.5	1.5	0.5
1.4	-1.3	-1.2
-2.0	1.4	1.6
-9.6	-2.0	-2.4
3.2	-2.0	-1009.6
-1.0	0.5	-1.3
3.6	2.4	-4.4
0.5	2.9	-3.9
-1.8	0.7	-0.4
-4.2	-1.6	-1.2
0.7	0.2	0.7
-0.7	-5.0	3.2
-4.6	7.7	-1.3
-0.4	0.4	0.9
-3.4	-1083.4	-1.8
-2.3	-0.1	-1089.7
-1.6	-2.8	5.6
0.7	-0.6	-0.2
1.4	0.1	1.9
23.0	-0.8	1.1
2.1	-2.1	2.7
-8.6	-0.1	1.0
2.6	-7.6	3.9
0.9	-964.2	-2.5
1.0	1.3	-2.2
-0.2	-1018.5	0.0
-3.1	0.4	-2.5
-1.7	-2.3	-3.4
2.2	-4.8	-0.8
2.9	-1.2	-0.6
-1.7	-0.9	0.5
-2.9	-6.3	5.4
-6.3	-1074.6	-0.8
3.5	1.3	1.6
-4.7	-1.2	3.5
-8.6	1.4	5.1
2.6	1.9	-0.8
-1.4	-0.9	-0.3
2.1	-1.3	0.5
0.7	3.4	-1.3
7.0	-0.7	2.2
-6.9	0.0	-0.6
1.0	-0.2	-1039.4
4.8	2.1	1.3
-10.9	1.6	-0.6
-8.5	-0.6	2.8
-1.9	-2.3	6.6
-1.4	-0.2	0.2
-0.1	0.9	1.4
-0.5	1.1	0.9
1.7	0.0	3.5
-4.3	0.5	-915.4
1.1	5.5	-3.2
-0.8	2.8	-4.4
7.1	0.3	0.3
3.9	0.7	0.4
1.2	-1.1	1.9
-0.1	-0.8	-2.7
-4.6	1.8	-935.7
4.8	1.2	-2.0
1.4	0.7	-3.7
0.2	1.3	0.3
23.9	0.7	-0.5
-6.9	-0.1	-5.2
-12.4	1.1	0.0
-4.9	-1.5	3.2
-1.0	-1.4	-0.9
2.7	-2.2	2.9
1.7	-3.4	5.2
0.6	-5.0	-1093.8
1.4	0.9	-3.1
0.0	0.4	2.9
1.6	-3.1	5.0
-0.6	-4.8	5.1
-4.0	-0.3	1.3
-10.9	-1.2	5.8
3.1	-4.2	2.8
4.1	-4.4	4.8
0.1	-1.1	-2.0
-1.2	-4.2	2.1
-0.2	-2.9	-1.5
1.1	6.8	0.3
-1.1	-6.4	6.2
-1.2	-0.9	1.0
0.0	-3.3	-3.3
-1.9	-1.4	-3.3
0.8	-1.1	7.0
7.1	-1045.0	-2.2
-1.9	0.0	-1.9
1.0	-0.8	0.6
-1.8	-0.8	-1.6
1.7	-1.4	-0.3
-11.8	-991.1	4.1
-0.4	-1036.9	-1.8
0.3	-0.6	0.4
-11.5	-1.9	5.0
4.1	-2.7	0.8
-0.8	-6.2	1.3
-1.6	-1.2	-1.4
4.1	5.0	3.3
0.9	0.5	-908.2
1.6	4.9	3.5
-0.6	3.5	-1.2
-0.8	1.3	2.0
3.5	-0.7	-0.1
0.7	-3.1	-0.5
3.2	2.7	0.6
3.3	-0.2	-2.1
-3.4	0.3	2.9
1.3	0.8	-0.9
-0.1	2.9	-0.7
-2.8	-0.3	-3.5
5.0	2.0	-7.7
-3.7	2.1	-0.8
3.9	-6.9	2.3
2.4	2.2	1.5
4.2	-0.6	3.3
-8.2	0.0	0.2
-1.3	-3.1	2.3
-0.6	0.6	-3.6
-1.3	4.5	-5.8
13.0	4.5	2.5
-1.1	-1.0	0.9
-6.8	4.0	0.0
0.3	-0.4	-1.1
2.3	-1.9	-2.4
0.6	-0.3	-2.0
0.1	-0.1	-0.2
-0.1	1.8	0.3
2.0	6.0	-981.7
2.1	-0.8	1.5
-1.0	0.0	-1.1
1.3	3.2	-3.9
3.4	2.9	3.7
4.6	4.4	-2.6
-3.8	-1.2	2.4
-0.5	1.3	2.4
-2.1	-6.3	5.5
-0.7	-0.3	5.8
-2.4	2.6	-2.9
3.2	-0.6	-0.1
0.6	-2.8	7.0
1.9	-4.0	4.0
5.6	-2.7	0.3
0.2	-1.6	-1.0
1.5	-1.9	1.6
3.0	1.8	0.4
0.1	1.1	-3.7
1.7	-1.1	0.9
3.4	1.3	1.0
3.7	2.2	-3.5
4.5	-0.8	-3.3
2.7	6.6	0.4
2.1	-3.7	-0.7
5.9	1.0	0.9
2.6	5.7	0.3
2.0	1.1	1.2
0.2	0.0	1.2
-5.5	4.6	-2.2
-12.3	-2.7	4.4
5.3	-1.0	0.4
-0.3	-1055.8	1.7
1.3	-1.1	-1.5
0.9	-3.2	1.4
0.4	0.1	-1.3
-0.8	-2.1	2.4
-1.6	-0.9	1.0
-2.7	-1.6	1.7
0.9	-1.7	-1.6
2.2	-2.7	-1.3
1.3	6.4	-1.8
2.3	-2.0	-1.1
2.1	-1.0	-1.8
-12.3	-3.5	-0.3
0.7	-1.8	1.5
-8.2	-1.7	2.5
-0.3	-972.4	-1.4
-3.0	-1.4	-945.4
1.3	-0.3	0.3
-16.8	-0.1	-1.2
-0.3	-0.6	-1.9
3.7	-1.6	3.5
0.8	-1065.2	0.8
2.5	0.7	0.6
-0.1	0.2	-0.3
-7.1	-5.3	-0.4
2.8	-0.7	-0.3
4.4	-2.3	-2.5
-0.4	1.0	-0.8
3.9	2.5	0.5
-0.2	-2.0	-0.1
-0.5	1.8	-0.9
-0.4	1.7	-5.7
-1.0	-68.9	-77.1
-0.5	3.1	-4.2
0.8	0.4	0.3
0.3	-2.7	-2.4
2.2	0.0	-0.1
2.1	-6.0	4.5
0.0	-5.1	1.4
2.4	0.9	-1.4
-3.0	0.7	-4.5
-1.6	-1.4	3.0
-0.4	4.5	-0.3
-9.1	1.6	-2.1
2.2	2.5	0.3
0.1	-1.8	-0.4
-1.8	0.5	-2.1
1.8	0.2	1.1
1.5	2.2	-0.5
4.1	1.6	2.0
-2.4	8.1	-1.9
0.0	-0.3	2.8
0.9	3.1	-1.9
2.4	-0.6	0.2
1.3	0.1	1.3
2.7	0.5	4.1
0.0	-0.2	-2.3
-0.9	-0.1	-0.5
2.1	2.0	-2.8
-0.8	-2.6	-1.8
-0.4	-0.9	0.1
-2.3	-0.4	-0.2
0.6	-1.9	-0.5
-2.7	-0.3	-0.7
1.6	-1.6	0.7
7.7	1.9	0.4
-2.9	-1027.9	1.6
0.5	-2.4	5.9
-1.4	0.4	-0.1
1.5	1.4	-3.3
1.9	-0.3	1.2
-1.7	1.9	-6.2
-1.8	-3.6	3.5
1.6	1.6	0.7
-1.4	0.7	0.2
0.7	2.7	-3.9
0.7	-3.0	3.0
0.8	0.1	3.2
4.8	6.2	-3.2
2.7	-1003.5	0.3
1.1	-2.3	0.4
0.5	-1012.4	-1.7
1.5	0.6	1.5
-3.8	-2.8	1.8
0.7	-2.2	0.4
1.5	-2.4	-1.5
-4.4	-1.4	0.4
1.9	-1.5	-0.9
-6.2	1.2	1.2
-10.1	-0.2	-1.1
-0.1	-86.0	-75.9
-2.2	1.6	1.5
2.4	-1.4	-2.7
-3.4	-0.1	-1.6
-6.9	-2.5	0.7
-3.1	1.0	-0.2
1.3	0.0	3.1
0.6	0.4	-3.2
-1.7	2.3	1.0
1.7	1.9	-7.6
2.3	1.8	1.0
-3.2	-4.3	5.6
4.1	-1020.4	3.5
-0.2	0.7	-0.4
0.8	-2.8	3.7
1.5	0.3	0.8
1.2	0.4	0.2
-1.8	5.5	-2.3
-0.4	2.1	-0.9
1.9	2.7	-0.9
-2.8	1.9	-2.7
-1.4	1.7	-1062.8
-8.6	0.3	6.5
1.2	-0.1	-0.8
0.4	-0.2	-3.4
0.3	1.7	-3.9
2.1	0.9	0.3
-0.1	1.7	-989.9
-1.1	-2.1	0.1
0.3	3.1	7.7
-0.5	-0.7	2.7
4.1	-0.2	-1012.8
1.3	-3.3	-2.4
-2.8	2.1	-1.0
2.5	-0.2	-1.6
0.0	-3.2	-1.3
1.6	-0.8	2.7
0.6	6.8	-1.1
-0.9	-2.5	0.8
0.2	-1.1	0.7
1.3	-1.4	-1.4
1.0	-5.1	-0.8
-1.3	2.9	-0.6
0.5	0.1	0.5
-4.3	0.2	3.1
0.5	-21.3	-19.1
0.4	2.8	-4.3
3.1	-992.4	-2.8
1.7	-1.0	-1.4
2.9	1.7	-5.0
5.3	1.2	2.0
3.3	5.2	-0.2
-0.5	3.1	-4.3
6.2	-1.0	-0.3
2.4	-1080.7	3.8
0.9	-1.7	-1.5
1.6	1.7	-0.4
2.2	1.1	-3.5
-2.8	-1.3	3.1
2.9	4.7	-1.1
-1.6	0.9	-1.2
-1.9	1.5	-0.1
-2.5	2.7	-2.6
-1.6	0.3	5.0
0.3	-2.6	2.2
2.3	1.2	-0.1
-0.4	0.6	4.2
1.8	-2.7	2.1
3.1	5.2	0.5
-3.7	3.8	-0.2
3.0	-1036.7	0.1
0.0	-2.6	0.9
-4.3	-5.1	-5.9
4.1	-0.1	0.0
0.7	-3.7	0.7
2.8	-3.1	4.2
-0.5	-1.0	1.7
0.1	1.2	-2.0
-0.8	-1.0	1.0
0.2	-3.9	-0.4
-1.7	-0.2	1.4
0.2	-948.8	-2.5
2.6	0.4	-0.8
1.5	-2.2	-1044.1
2.2	4.0	-0.8
-4.8	-0.2	0.2
1.2	-3.7	1.5
2.2	-1.1	5.4
3.9	2.2	-1.7
-0.9	0.7	6.2
0.2	-1042.3	1.8
-11.5	-1062.9	-4.9
2.7	1.3	1.6
3.0	0.4	1.7
-2.5	-4.1	-1.7
-1.1	1.4	0.3
-3.5	3.4	0.6
0.1	-0.8	-0.3
0.4	-2.3	0.1
0.6	-2.8	0.3
2.2	1.6	-0.5
6.4	4.3	0.8
-40.4	-27.0	-7.1
-3.6	-0.2	5.6
0.6	0.6	1.6
1.7	-0.2	-1.8
0.2	0.7	-0.9
2.0	-0.8	0.7
-1.7	-0.6	-1.6
-0.8	-0.2	-5.1
0.8	0.8	0.5
0.5	3.2	-3.5
2.5	-1.4	2.0
1.0	-0.7	0.3
2.0	2.4	-2.3
-2.1	0.4	-0.1
-2.6	-1051.8	2.4
2.0	0.2	2.0
-0.5	-944.9	-0.5
-9.4	-1.7	3.5
3.1	5.4	0.2
-0.6	-0.1	-0.6
-7.8	0.1	0.9
-4.5	0.2	-0.7
-0.2	2.1	-2.7
1.0	0.0	-1.6
4.0	0.6	-0.7
4.1	1.3	-4.6
-4.9	5.1	-4.6
2.0	0.4	1.3
-2.7	1.5	0.2
7.8	0.9	-5.2
-11.0	-2.0	0.5
-1.4	-1.4	3.0
1.1	1.7	-1.4
-7.1	-0.8	0.2
1.1	-979.5	-0.7
-0.9	-0.5	-0.4
2.4	-1.2	2.0
-3.7	1.8	-2.2
3.7	-1.4	-2.3
-1.0	-1.7	5.1
4.1	0.6	0.0
-2.0	-0.3	2.7
0.6	0.4	0.0
-4.2	-0.4	-0.8
1.3	-1.8	-1.5
0.7	3.2	-1.6
-0.4	-1017.6	-4.0
3.6	0.8	0.4
-3.5	-1.7	-0.7
1.9	1.2	-1043.6
-1.0	2.3	0.9
3.3	3.0	0.5
-2.3	2.4	-2.7
-1.2	-1.3	1.2
1.3	7.0	-4.5
3.7	0.9	-4.6
23.7	-94.6	-88.2
2.2	0.5	1.6
-12.1	-1048.3	-0.8
1.3	-2.4	-1.0
0.6	7.9	-3.0
2.4	-0.1	1.9
4.3	-3.9	-2.1
1.5	2.7	0.7
0.5	0.0	-0.3
-0.8	1.9	-3.4
-4.0	-3.0	0.3
0.5	1.0	0.5
3.0	0.9	-4.3
-3.8	3.7	-2.8
-1.4	0.4	0.4
2.4	1.9	1.1
1.4	0.0	1.4
4.5	-2.1	1.7
0.4	1.2	2.2
-2.7	-1024.2	0.0
-0.2	-985.7	-0.7
2.7	-0.8	0.8
1.7	-1.0	-927.3
-4.3	0.6	-3.5
-3.3	1.7	-0.6
-10.9	-2.8	-2.4
3.1	-1.1	7.4
3.5	-1.6	-2.0
2.1	0.8	0.9
0.7	1.8	-1.8
2.7	0.4	-0.9
-2.0	0.8	-1.8
3.2	-3.4	6.4
4.2	1.2	-4.6
4.3	-0.7	0.9
-1.0	-0.9	0.7
-1.5	0.4	-1.0
2.2	7.9	1.0
-1.0	2.6	-0.3
0.9	1.9	2.1
2.6	0.4	-0.2
0.5	-1.2	-2.4
-1.3	2.6	-0.8
3.7	0.7	1.5
-10.1	-0.8	-1.2
-1.3	-0.2	0.4
1.7	2.1	1.6
1.3	2.6	-0.9
2.5	-0.1	-0.1
-0.9	2.0	2.3
-7.0	-5.3	-0.2
-0.2	1.9	-4.4
2.8	0.9	-4.3
2.6	1.2	-0.4
0.4	-1014.9	3.8
2.7	-0.6	-1.1
-0.9	-1007.1	2.5
0.8	-1.0	4.1
0.9	0.9	0.3
-3.3	1.8	-3.6
2.2	-4.1	-1.6
-0.3	-0.4	2.8
-2.8	-2.3	-0.1
1.3	0.1	-1.2
3.3	4.5	-3.2
-0.6	-1.5	2.3
-4.5	-0.1	0.2
0.4	-0.2	-1000.1
1.3	-1.0	1.9
2.2	-2.6	-3.0
-0.2	-0.7	-6.0
-7.3	-2.2	-0.9
-0.2	-1.3	2.2
-1.7	1.9	-1.8
-3.6	3.5	-1.3
-2.4	-1.8	0.5
-1.2	-0.6	2.2
2.5	-5.2	4.4
-0.2	-2.3	2.5
-2.4	-0.2	0.0
2.1	-1033.3	-1.0
-1.2	-1059.7	-2.3
-0.6	5.1	-2.4
1.2	0.9	0.4
1.8	0.0	2.4
-2.4	0.7	-2.2
-8.8	5.2	-3.8
0.3	-1066.2	1.8
2.9	-0.1	0.9
-1.8	-1.4	4.4
2.2	-0.3	-3.6
-0.3	0.3	0.9
2.7	-1.8	-1.0
-11.8	0.3	-989.0
0.1	-0.3	-0.4
-3.3	8.4	-2.1
-2.7	-1.4	-0.7
0.7	0.2	2.8
3.6	1.0	-0.1
24.9	1.1	-2.4
-0.6	-5.6	4.7
-1.2	1.1	0.6
-0.8	1.5	2.9
-4.5	-3.7	2.4
-0.4	-936.6	-0.9
-4.5	0.6	-0.6
-11.8	-1.2	-1.0
0.0	-0.9	-1.0
16.4	1.9	0.3
-4.3	-3.2	7.1
1.0	-2.3	-3.4
0.2	-2.9	-1.6
-0.6	-1.1	4.1
-1.6	1.1	0.8
3.8	2.7	-0.9
-7.5	-2.1	1.2
0.6	-2.6	-1.1
2.7	0.5	-0.6
-0.9	-1087.0	3.3
0.8	3.2	-1.7
-2.0	0.4	4.6
-10.5	-0.2	0.9
-11.0	1.3	-3.9
0.9	1.7	0.5
-2.3	0.9	0.1
1.5	-0.6	0.3
-1.3	-3.9	-1.2
-0.1	0.9	-0.7
-5.2	2.5	-3.1
0.8	-5.0	3.2
0.4	0.1	-0.3
4.7	1.1	-1.7
1.0	-982.3	0.7
-1.8	-0.1	-2.8
3.6	2.1	-0.9
1.4	-3.4	2.3
1.3	0.4	0.6
-2.2	2.7	-4.0
0.7	1.4	-3.3
-6.9	0.2	-0.7
0.7	-4.1	2.2
2.3	0.6	1.0
-0.8	-6.5	1.9
-3.2	-1012.6	-1.4
3.8	1.2	-1071.4
2.6	-0.5	-1.3
3.3	-3.8	3.8
-2.4	1.0	-2.4
-14.3	-1.0	3.6
-0.9	0.9	1.4
-12.6	3.0	-1.8
-1.7	-0.5	-1.2
1.3	-3.6	4.0
-0.7	7.6	-5.2
-0.1	-4.8	7.8
2.8	2.3	1.0
-1.9	0.2	0.7
-1.7	-1.2	2.1
-0.3	-1.1	3.4
1.5	3.1	0.1
0.8	-2.9	3.2
0.0	-2.6	-1.8
-0.1	0.4	0.2
0.8	-0.9	-3.5
-0.3	2.7	0.1
4.0	-0.4	0.8
1.1	-4.8	3.4
1.1	3.1	-0.9
2.9	-1.3	4.0
-2.7	0.3	-0.4
-1.4	1.6	1.4
1.4	0.6	1.6
0.3	-1.1	2.7
1.7	-2.5	-3.3
3.9	-5.3	3.0
-11.1	0.2	0.4
3.5	0.8	0.3
-0.3	-0.5	-0.3
0.1	1.0	-2.6
-3.0	-0.9	3.5
1.2	4.3	-6.8
-1.4	-998.2	0.7
-2.7	-2.0	2.0
0.1	2.2	0.5
-11.3	1.0	2.0
-4.8	-2.2	-0.2
-2.3	-1083.9	-0.6
1.7	5.4	-1037.4
-5.5	-0.4	-958.8
3.2	2.7	0.1
-2.0	-2.4	-2.1
3.1	-0.4	1.9
1.8	-979.5	-2.7
0.2	-0.3	-1.0
-5.6	-1.8	1.5
2.6	-4.0	0.1
-10.1	3.4	-1.0
0.9	-0.8	-0.9
-7.9	1.0	-1.9
-1.4	-3.5	2.5
-1.5	-0.7	0.0
2.4	3.9	-5.8
3.8	1.0	-3.4
-1.1	-0.2	-0.4
2.6	0.0	1.4
0.0	-1.7	-1053.6
2.1	4.4	-3.2
0.3	0.5	0.6
1.8	1.3	-0.7
2.7	2.7	1.0
-5.9	2.5	-2.2
0.0	2.1	-1.8
3.4	1.1	0.1
1.0	0.2	-2.4
4.4	6.6	-998.8
0.1	0.1	2.7
-0.9	-2.2	2.5
2.6	2.1	-2.1
7.7	-1066.3	-2.8
1.7	5.4	5.5
-0.5	2.6	-1.0
-0.1	1.5	2.4
2.4	-2.5	4.6
-1.6	-0.2	-1.4
-2.7	0.3	3.8
0.5	-4.1	2.5
4.5	0.4	1.4
-2.0	-0.7	-1.3
0.9	3.8	-2.5
1.7	2.9	3.6
-2.2	-1065.9	3.3
5.3	4.5	-4.4
-7.3	-2.5	-971.7
3.6	3.5	-3.9
-2.4	-0.2	2.9
0.6	-0.3	-981.8
0.1	-4.8	-4.7
-1.9	1.7	2.2
-0.8	-1.2	0.5
-1.3	0.3	-1.2
0.2	-4.2	0.2
2.7	-0.4	-0.8
-1.8	4.1	-3.1
0.5	-0.8	-0.7
0.8	-0.3	-0.2
0.5	-0.6	-0.2
1.7	-1041.0	-0.3
-12.7	0.4	1.4
7.9	-886.0	-1.6
2.1	-3.4	0.0
2.2	-2.7	5.5
1.0	-0.1	3.0
6.7	-1.5	0.6
-4.6	0.4	1.4
-0.3	-5.4	0.0
1.8	-0.5	-2.4
4.1	2.1	-918.7
3.6	-2.5	5.3
2.5	-943.8	-0.3
-3.5	-5.9	1.4
1.6	3.5	-1.1
0.2	2.1	-3.7
-4.8	2.3	-0.1
-12.0	-3.1	-1.4
-11.5	-4.1	0.3
0.1	4.4	-4.4
3.3	-0.9	0.1
3.0	-3.9	1.4
1.2	7.8	-5.5
2.7	2.5	-3.7
0.9	-3.2	2.0
0.2	5.2	-3.3
-0.1	-1.2	-1.0
2.1	-0.5	1.2
1.7	-0.8	-0.8
1.0	-0.2	-2.6
-0.4	0.1	-1027.8
2.1	0.6	2.0
3.8	-2.4	-0.9
-0.4	3.0	-2.5
1.5	0.4	0.3
-0.4	2.9	2.7
7.9	3.2	-2.9
0.0	-1.1	-1.0
3.5	-0.5	-0.8
0.3	0.2	0.2
-1.0	-1160.3	-36.0
-2.0	-0.5	-1.3
0.6	-1.4	4.7
4.6	-966.0	3.2
5.0	1.4	0.8
0.3	1.1	2.8
2.4	-3.3	-0.1
-2.2	-0.9	0.8
-1.3	3.2	1.1
-5.2	-1.6	-1.6
2.7	1.9	1.7
3.1	0.0	-1.4
1.4	-954.8	0.8
0.4	1.3	0.7
0.4	-1.0	-1031.7
1.0	-4.2	-1.1
0.9	0.1	2.5
-0.7	2.9	-917.5
-2.1	-0.3	-0.5
0.9	3.7	-0.7
1.1	-0.2	-1.7
1.2	15.1	-821.2
-1.5	-1.4	-2.1
0.1	5.8	7.2
-9.9	0.0	0.3
1.2	-3.6	-0.5
0.3	-973.4	-2.0
2.3	-1.3	1.5
2.5	1.1	-0.7
-2.3	3.0	-2.9
1.0	0.5	1.4
-0.5	-0.2	-0.1
3.0	1.7	1.4
3.1	1.2	5.5
-0.1	0.4	-0.7
0.9	3.0	-0.2
2.0	2.2	-1038.2
1.4	-1001.8	-3.7
3.1	3.6	-2.2
-2.4	-3.8	6.5
-1.1	-1.6	0.0
-0.2	0.1	2.0
-0.3	0.5	3.1
0.8	0.4	0.1
-0.6	-1.9	-1025.8
0.9	0.6	-1.4
3.2	-0.4	-3.4
3.0	-3.3	3.0
-0.7	1.3	-1.5
-3.5	-2.0	-0.9
-3.2	1.7	-2.2
3.2	-918.7	3.1
-0.1	0.3	-0.1
-0.8	-5.0	3.0
3.8	-2.3	-926.9
2.0	-0.1	0.5
1.4	2.5	-1040.5
0.3	0.7	0.4
-2.4	-0.2	-1.2
0.6	-5.9	4.1
0.0	-2.4	2.1
-0.2	-1036.2	-4.3
3.4	3.0	-1.4
4.5	-3.2	-1.1
-8.8	-0.4	-1.0
3.4	3.1	-1063.5
0.4	-3.3	-3.3
3.0	-1056.7	0.9
-4.0	-1005.3	-0.1
4.5	-957.7	0.6
-3.1	0.0	-0.8
1.1	-0.3	1.2
2.9	0.1	3.4
-10.7	-0.6	-1.5
-0.1	1.1	-2.5
-1.6	-2.9	-934.8
-2.2	2.0	-1.9
-0.4	0.7	-1.3
1.2	-7.6	0.2
-0.6	-2.3	0.4
-2.2	-5.4	4.3
3.8	-3.7	3.5
-0.5	0.8	-0.6
2.9	-3.0	1.4
-3.0	0.5	-1074.1
2.7	-4.9	-6.2
1.1	-1.1	0.7
-0.4	1.1	-0.5
4.0	4.9	-6.0
-0.9	-3.3	-0.3
4.4	-0.6	5.1
-1.4	1.3	-0.3
0.1	-1.9	-1.1
-2.3	0.0	-2.6
0.1	-1.0	-1.8
26.0	4.0	1.1
0.9	4.6	2.5
-2.6	1.4	-2.4
0.5	-2.3	-0.1
2.2	-1.8	-2.3
-2.4	-936.9	2.4
1.9	-4.8	4.1
0.0	-0.9	-3.5
-0.4	1.8	0.0
6.9	-1.5	2.2
0.2	-0.8	5.5
2.5	3.3	-0.8
2.0	-4.9	0.4
-0.1	-995.0	-4.6
4.3	0.7	0.0
2.2	0.4	-6.6
3.2	-1027.1	-1.6
-1.0	-2.7	-1.1
0.2	5.2	-3.5
-2.8	0.6	-1.0
2.0	1.7	-2.7
-1.5	-1.4	-1.8
0.0	1.3	0.3
1.5	-1.9	2.8
-8.8	1.6	-998.2
1.2	1.3	3.4
3.4	0.5	-1070.2
1.8	0.8	1.8
4.0	2.4	-0.3
-1.8	-1.5	1.9
-0.7	1.3	-946.4
1.4	3.9	-1.3
-4.6	-3.1	-0.6
-0.5	4.6	-0.4
1.8	0.1	-0.3
1.1	-1.6	-3.0
0.2	4.8	-2.7
-2.0	-0.5	-0.8
1.0	0.0	-1.2
-4.2	2.0	-3.6
-0.1	1.5	1.8
-0.9	1.9	0.8
-8.8	1.4	1.3
-1.4	1.7	0.4
-1.5	-2.0	-0.1
1.9	-0.8	-0.2
-3.6	-0.9	-0.3
3.3	1.4	-0.3
1.5	-0.8	-0.8
-2.4	0.7	0.6
1.1	1.4	0.4
-1.4	1.8	-4.7
2.7	1.2	0.3
2.2	2.5	3.9
3.0	3.7	-6.2
2.7	0.0	-0.1
1.9	-4.0	1.0
3.7	-1.3	2.7
-2.1	0.8	0.4
-0.3	-0.2	0.1
-3.8	3.9	-1.4
3.0	3.0	-0.4
-0.9	1.2	-0.7
-0.3	0.3	2.1
2.7	0.1	-2.5
-1.9	1.8	-1.9
-10.2	-1138.6	-11.7
0.4	1.7	1.7
2.8	-2.1	-0.1
1.2	0.6	1.2
3.5	3.1	-2.5
3.7	5.9	-4.9
0.2	0.6	2.9
3.1	-2.1	1.4
1.4	0.4	5.7
15.0	0.2	2.9
-4.6	1.0	4.9
3.4	-1.4	-1.0
0.2	4.2	3.3
-10.3	3.1	-1.5
3.8	2.0	-1019.9
1.0	2.4	1.0
-2.5	2.7	-1.2
-0.4	4.4	0.8
-1.3	-0.4	0.8
-11.6	0.6	2.6
-2.1	-0.5	-0.5
2.7	2.6	1.4
3.9	-0.6	1.6
1.7	1.2	-4.9
-0.5	1.0	1.0
-0.1	0.1	0.5
0.8	-1.3	-954.0
-2.9	1.5	-2.2
18.7	1.4	0.0
2.8	-0.7	-1.2
-0.3	-0.4	0.7
-1.0	-0.2	-0.7
-12.2	0.9	2.9
0.0	0.0	0.9
1.8	2.5	0.2
-3.3	2.0	-2.4
2.7	1.8	1.0
-1.2	3.6	-1.2
2.4	-0.3	-934.0
-1.9	2.8	-4.1
0.3	3.3	-0.9
-2.7	0.6	1.9
2.9	0.0	-1044.9
2.4	1.4	1.1
9.2	1.1	0.0
0.8	-1.6	2.5
0.3	-1.7	5.8
1.1	2.4	-3.0
0.5	-2.6	0.8
3.0	6.4	-3.5
1.4	-0.3	-4.4
-0.5	-0.7	-0.4
-6.2	-2.1	0.5
-0.3	-1.3	-2.0
-0.8	2.3	-0.4
0.0	2.9	-2.9
0.9	0.3	-2.6
2.5	-4.7	-3.4
-8.5	1.6	0.3
0.5	-932.9	-0.7
-1.9	1.7	0.5
3.3	-8.7	-1141.9
3.1	-1.6	-0.6
-0.2	0.0	2.9
-3.4	5.0	-4.0
1.9	-2.0	3.4
3.6	-0.1	-0.1
-7.1	-0.4	1.3
-4.7	-2.6	2.1
0.2	0.9	2.4
3.6	1.7	0.0
1.0	0.1	0.9
3.7	-1079.7	4.2
3.4	-0.6	-0.6
3.8	1.3	-0.8
-10.1	-1.3	-1025.6
1.3	-2.7	-2.2
1.3	-6.3	6.3
-1.9	2.2	0.8
1.2	4.9	-0.9
1.4	3.6	-2.9
-2.4	-2.6	-1.7
2.0	-1.7	0.1
-18.0	1.8	-0.6
0.4	5.5	-0.9
2.8	1.8	0.8
-4.2	1.5	-0.3
2.3	-1.7	1.1
-4.7	1.4	-1.7
-3.9	1.5	-1.3
3.8	2.5	-0.4
2.3	5.9	-4.4
0.7	-1.5	-3.6
-0.6	-1.2	-6.0
11.0	3.5	-1.0
0.6	-1.1	3.1
4.1	2.0	1.7
0.0	-932.2	-0.4
-0.1	-0.1	-0.5
-7.1	1.2	1.4
-2.4	-1.9	-1034.9
-0.6	-3.2	-1.0
3.1	2.6	0.7
0.3	-52.2	-50.4
1.8	-2.6	2.3
0.4	-41.0	-21.0
-8.9	-0.1	0.8
-3.9	-83.4	-79.8
-1.3	-0.4	-5.7
-8.4	3.7	-2.7
-5.5	-0.4	-1.6
-0.1	0.9	-1.7
10.7	2.5	-3.9
2.7	2.9	2.3
1.7	3.4	1.4
3.0	-1008.4	-1.2
0.3	-0.9	-2.7
-0.9	-0.2	-0.4
2.5	0.8	2.8
-2.4	3.2	-2.4
-18.3	-0.3	0.9
1.8	-0.8	-0.3
-4.1	3.0	-6.7
1.2	-1.2	3.1
0.4	0.6	-2.6
-2.4	0.0	-3.0
1.2	-1.1	0.8
1.4	-0.7	0.7
0.8	1.3	2.1
2.7	-1.0	-0.6
3.5	-0.9	1.3
2.6	4.1	0.4
2.3	1.2	1.6
-2.2	-4.6	1.3
2.3	-1.9	0.4
-11.4	0.4	3.5
3.3	-1.3	1.2
6.4	3.4	-0.9