0.98	0.85	0.93
-0.34	0.07	7.17
-1.60	3.67	-0.57
1.55	-0.14	0.32
-3.77	3.36	1.38
1.88	1.11	0.36
-7.47	5.67	-1.06
3.07	-0.68	3.12
1.39	-961.42	-2.40
1.02	-4.11	3.71
-2.97	-1.28	5.44
-1.38	-6.54	1.88
0.63	3.96	-1.15
3.54	-6.58	6.30
0.27	4.09	1.32
1.89	2.75	-1073.62
1.24	-1.31	-2.14
-1.42	0.68	-6.39
0.41	3.18	-4.97
1.28	-0.27	2.72
-0.42	0.98	1.38
3.82	-0.39	-0.07
-1.55	-0.62	1.95
2.59	0.36	7.37
-0.25	-1084.66	-1.40
12.19	-0.80	2.66
0.77	3.56	-4.80
4.04	-7.86	0.69
3.11	2.14	2.97
-1.09	-4.05	0.95
-0.64	4.98	-2.24
-13.20	0.25	-1.68
3.98	-0.69	-1.56
-1.19	3.87	-1.31
1.29	-3.34	4.31
3.97	-1.34	-1079.18
-7.41	6.16	-4.40
2.19	-0.65	3.73
-2.22	-7.02	1.78
0.14	-4.55	6.21
1.32	6.15	-7.67
-1.25	-4.58	1.68
3.63	-966.09	-1.55
0.00	1.87	-1.88
-0.31	0.88	-1.25
-0.78	-2.46	2.00
1.87	1.52	-2.35
5.88	0.14	-6.86
2.99	3.98	-4.58
-1.81	1.85	-4.21
1.15	-3.15	0.76
-13.89	1.16	-1.94
-2.96	3.59	-3.67
-1.11	-0.50	1.49
11.50	-0.72	-1.05
-0.05	-2.54	2.52
1.71	5.14	6.96
-2.31	2.49	-2.34
2.58	2.15	-5.52
2.76	0.54	-2.87
0.74	0.87	-3.91
4.60	3.78	0.41
-1.12	3.43	-3.18
-11.02	-1.16	0.63
-0.47	-0.61	2.96
-2.56	2.10	-949.45
0.95	2.05	-0.64
3.93	-3.50	7.59
2.72	7.84	0.20
-3.31	6.73	-1.99
0.75	-2.87	4.82
4.34	0.55	0.75
-0.02	-5.60	5.21
1.38	-1.19	4.57
-7.57	2.76	54.16
2.43	-1.89	3.56
-0.07	3.85	-2.92
0.23	2.02	0.14
0.10	-5.41	-1100.71
0.91	3.41	-2.50
-0.59	-1.43	2.81
1.02	-2.19	4.58
4.36	-3.30	4.30
5.39	2.91	-1.39
-1.79	-4.14	3.77
-1.40	-2.33	4.63
3.28	-1.87	3.12
2.01	0.89	-1.59
-6.87	1.92	7.10
2.34	-0.04	-1.75
1.59	-6.03	-5.87
-10.66	-5.89	5.50
1.79	-0.16	-1.82
2.44	-957.21	-2.24
1.31	-1038.20	-7.33
-1.23	0.49	0.00
0.69	-0.60	1.92
-0.40	-3.39	1.19
5.88	4.20	3.34
-10.66	-5.38	5.03
1.45	3.85	-0.50
1.71	7.38	-1.11
-0.43	-2.07	3.06
2.90	0.44	0.44
0.92	-3.13	5.68
3.26	-1.95	0.07
-0.78	0.07	-3.88
0.55	6.53	0.41
-5.77	0.56	0.26
-10.12	-1.32	1.84
-2.03	4.62	-3.65
2.52	2.04	-2.63
1.89	3.54	-2.18
1.20	-5.22	-5.45
2.70	-0.85	-1.36
-0.51	-0.13	0.86
-2.30	-4.47	0.18
-1.43	1.93	0.39
2.00	3.04	-1.41
2.16	1.55	-2.43
1.88	-0.93	2.45
-5.18	-4.10	-1024.76
0.56	-1.77	-0.64
2.80	3.86	-1.90
17.06	-1088.28	2.83
2.65	8.33	-865.86
0.37	-1.30	3.50
3.56	2.87	-3.56
0.14	1.67	-936.23
-1.83	2.99	-3.73
1.84	2.55	0.46
-2.60	-1015.63	-2.12
-0.41	-2.56	1.49
2.59	-6.21	6.48
-2.95	-2.43	-1.34
-0.38	-3.11	-1.55
-8.11	-1.66	9.82
1.39	-0.74	-1.59
1.94	-1.74	3.08
-2.32	-1.18	5.13
3.51	6.01	-6.73
-0.13	-5.62	3.54
0.27	-0.50	3.54
0.87	-1.07	1.33
2.13	-2.66	0.46
0.98	-4.95	3.45
0.99	-1029.96	0.90
-0.88	3.78	0.23
-1.15	-4.10	2.21
-3.01	5.71	-0.79
5.61	-0.32	-0.45
-1.14	-1.95	3.67
-2.61	3.05	-1028.32
2.69	-5.95	6.37
5.69	-1.03	2.48
-8.74	-0.30	-4.21
-1.88	2.43	-930.04
1.41	-0.99	2.53
-2.82	1.40	-0.84
-0.78	3.31	-3.33
-0.37	-6.28	5.38
0.84	-5.88	2.26
0.56	-5.12	6.18
0.70	-2.80	2.81
3.88	-4.53	0.70
1.91	2.91	-1.53
3.83	-2.40	-0.34
4.86	4.22	1.85
1.52	0.35	-2.06
1.07	0.02	1.55
0.17	-6.92	4.40
0.51	3.52	-2.87
1.68	-0.24	0.29
1.12	2.10	-2.10
-0.57	4.33	-2.81
9.95	6.91	-3.27
-0.16	0.87	-1.30
-0.69	-6.17	-1026.49
5.52	-3.07	2.96
0.63	1.43	-3.55
0.72	5.62	-0.46
-1.60	-0.84	-2.72
-3.97	1.72	-2.35
4.15	-1008.27	5.51
2.15	0.83	1.94
0.19	4.31	-5.41
-1.11	2.74	-2.22
2.27	-936.22	3.78
1.43	-1.26	-0.95
-2.51	3.05	-4.02
0.36	1.58	-1.84
0.09	4.88	-1.51
0.14	1.46	2.18
-7.05	5.76	-4.35
1.46	5.91	0.71
2.27	-0.51	5.59
1.01	5.54	-2.04
0.23	0.04	1.90
-0.72	-3.18	-0.30
0.68	-0.04	-1.71
0.12	-2.91	-0.06
2.00	-2.00	-1.44
-0.33	-4.07	3.79
-3.41	3.87	-5.49
-4.25	-0.02	0.95
-0.17	-2.03	-4.02
2.19	-3.03	0.59
0.94	-2.80	0.27
-0.12	-5.03	1.59
-0.40	-6.73	6.00
0.43	3.35	-6.10
-1.44	4.49	-2.57
2.41	0.21	1.91
5.62	0.91	0.18
1.21	0.63	1.82
1.77	-0.20	-0.40
1.06	4.15	-4.84
0.00	-0.83	-4.43
-0.36	0.04	0.19
1.07	1.98	1.44
-1.10	-2.50	2.43
0.12	1.99	-0.67
2.04	-2.80	-1047.60
1.31	-3.01	-3.10
0.93	1.99	2.17
2.73	0.68	0.47
0.66	0.46	-1085.46
2.40	-4.53	4.55
0.98	-6.47	0.00
1.83	-1009.50	-0.80
-3.05	2.58	-2.24
-0.40	-0.59	0.96
3.25	1.51	4.33
-7.06	-0.94	0.72
0.04	5.57	-1052.99
1.94	1.76	-0.79
1.42	19.15	-0.42
-2.95	2.19	-4.15
1.11	-0.89	1.24
1.85	-0.88	-6.84
0.98	1.17	-3.98
-0.61	3.40	-4.20
-10.27	1.96	0.76
4.19	-2.30	1.80
1.10	1.91	-4.00
1.87	-5.48	5.85
-1.53	-7.73	-2.68
0.26	-6.19	6.83
1.06	-0.24	1.38
-2.48	-994.25	0.93
-1.02	2.00	1.07
0.90	0.84	0.47
4.27	-1.64	-1.64
2.15	2.31	1.76
0.67	-2.58	4.50
1.59	3.08	-1.97
-1.14	-8.39	5.44
-2.48	-988.80	7.36
-4.14	3.00	6.70
-1.19	-4.27	4.83
-0.89	0.57	-1.27
1.29	-6.52	4.14
1.23	4.21	-3.09
0.40	2.01	-1.87
-0.62	4.26	-1.15
-3.18	-0.54	0.01
1.54	3.05	-1.15
-1.54	3.04	-5.68
2.91	-4.08	4.91
3.64	5.88	-2.68
4.04	2.20	0.58
3.64	0.49	-2.65
3.64	0.53	0.73
-0.25	3.09	-3.74
-0.82	7.33	6.16
2.08	-960.54	-0.16
-0.48	0.38	-1040.71
1.43	-4.71	-1.23
-2.90	-2.06	-1.12
0.13	0.05	2.84
0.71	-0.42	1.04
3.95	-1.95	2.88
-0.63	-7.06	2.02
-2.90	-2.61	0.24
-11.14	-2.61	2.03
-4.02	-2.87	-0.24
-0.58	3.77	-0.61
-0.84	2.03	-929.27
1.61	-978.06	0.56
6.33	2.47	-1.66
0.10	6.44	-6.38
1.33	-1.00	4.96
1.65	3.33	-2.49
2.52	-5.46	2.74
4.25	1.91	3.79
1.92	-3.36	1.27
-0.29	-1.97	-1063.28
4.67	-5.75	3.10
-3.60	0.53	-2.16
0.55	-0.02	-0.66
-0.13	3.19	6.04
0.31	0.74	-7.00
1.77	3.71	0.16
2.87	-0.38	0.70
1.43	6.68	-3.98
-1.28	-1.98	0.77
-3.86	-0.40	0.24
-3.53	4.83	-4.46
0.07	-1.95	-1.71
-2.67	-5.46	2.55
-9.47	3.27	-2.61
-3.15	-3.41	2.38
-12.67	-0.35	1.08
1.39	-4.76	6.66
2.56	1.71	-2.19
-3.28	-3.88	0.34
7.97	2.78	-1.22
1.27	0.28	4.61
-7.89	-881.39	2.95
0.58	4.51	-0.69
1.73	-4.30	1.23
0.18	0.30	-3.83
0.39	-0.88	0.42
-0.60	-2.17	0.23
-1.59	1.07	-1.19
-1.21	4.30	-3.01
4.48	7.36	-5.13
-1.27	3.43	-2.35
2.41	-1.23	-0.49
1.85	-3.08	3.02
2.85	1.32	2.44
-0.91	-1.40	-0.93
-0.90	3.04	-0.80
-5.91	3.65	-4.76
1.52	-0.40	-4.57
2.70	-2.02	-1.32
1.95	-6.59	4.93
0.76	-1.87	1.18
2.74	6.83	-5.29
2.60	22.62	6.36
4.81	3.63	-2.12
-2.89	-4.50	2.61
0.34	-1011.58	3.30
-8.71	0.16	-2.44
2.73	6.14	-6.26
-0.03	-0.54	-1.76
7.58	-2.59	2.11
1.23	0.78	-0.07
1.75	-3.96	2.48
0.95	-1.19	-0.92
32.46	12.04	74.96
-1.29	-4.86	5.87
0.77	0.33	-1.06
3.86	-2.63	3.23
-1.33	-3.90	-1031.66
1.36	3.20	-3.99
-0.06	-0.21	-0.40
-2.41	-4.92	-0.19
3.45	6.42	-5.06
0.25	4.61	-2.97
1.00	20.33	-1.54
2.90	5.15	-5.48
-0.42	-960.26	-0.34
9.49	0.82	0.43
-7.50	-1.70	2.44
1.20	-4.58	-0.59
0.77	-0.67	-1.61
-1.27	6.24	1.82
0.74	4.53	-1045.95
2.12	-0.11	-4.27
0.59	-1007.56	0.19
1.87	-1.48	1.99
-0.72	-4.74	-0.67
2.64	0.19	5.71
-4.55	7.80	-4.59
0.52	1.29	6.96
-2.07	-4.73	6.31
-0.94	0.44	-1.23
-5.02	5.64	-5.21
-7.06	-8.14	2.26
-0.16	-4.49	5.44
3.95	-0.61	1.97
3.98	-0.43	-2.54
-2.44	-5.45	7.12
-0.14	5.10	-4.58
0.22	-5.06	0.94
1.23	-0.04	0.58
2.29	-1.16	0.67
1.17	-0.04	-1.50
-2.24	7.67	-4.16
0.14	-4.19	5.74
10.49	4.61	-2.90
2.99	4.87	-4.19
0.97	3.77	-1.16
1.02	0.20	4.14
0.38	-1072.77	1.42
0.84	-3.18	-966.49
0.50	0.11	-3.57
0.17	3.77	0.40
2.42	4.03	-4.61
2.61	1.87	0.13
0.88	-0.38	0.29
-1.57	-1.41	0.13
4.23	-1.71	3.01
1.24	2.47	-5.25
-9.73	-0.11	-2.91
-0.69	-3.02	5.75
-1.70	-3.28	3.24
0.76	1.08	4.24
1.30	-6.36	1.34
-0.02	4.03	-982.89
2.42	6.79	-1.44
-2.11	-1.19	0.72
-0.41	2.36	-3.34
2.61	1.31	-3.43
3.59	-2.93	1.45
0.34	3.94	-1.26
-6.69	5.87	-2.37
1.16	-0.13	-3.06
-0.15	-4.11	2.93
-2.08	-0.32	-1012.28
2.20	-0.08	5.79
-6.80	1.86	0.68
2.68	-990.77	-0.14
4.95	-1.38	-5.16
-1.62	3.80	-4.85
1.41	-3.36	4.27
1.05	-6.38	5.17
0.10	4.45	2.85
-2.58	-2.51	3.22
-2.58	3.15	-6.69
0.91	3.62	-3.46
0.53	-2.42	-0.96
1.92	2.09	-2.00
4.16	-6.61	4.13
2.79	1.41	-3.55
0.78	-0.39	-0.06
0.22	-1.33	1.84
-9.56	-1139.22	-4.45
1.90	4.22	-0.94
-1.88	-4.67	6.43
-2.17	-1.39	0.79
0.63	-0.98	5.39
1.00	-3.31	0.12
14.25	-0.66	-5.97
0.87	-1.07	1.23
0.28	1.51	3.37
0.60	-1079.56	1.65
2.28	5.56	-5.93
1.47	-1.83	4.62
-4.88	-1036.43	1.59
-1.44	-3.00	-1.57
0.35	-1.57	-2.43
3.04	-4.46	0.14
-0.07	5.64	-0.12
-4.77	-0.50	-5.98
-5.89	-1.02	2.10
1.14	5.86	4.58
0.44	3.90	-4.96
-1.79	-0.34	-2.90
-18.85	-3.24	2.30
1.40	-1.53	-1.05
1.77	1.00	-3.19
-28.08	1.64	5.43
0.95	-2.40	-0.36
-0.18	-0.99	26.02
0.72	0.24	0.12
3.56	0.58	0.62
0.26	5.01	-0.22
0.22	-4.23	2.17
4.03	-1.42	1.29
1.50	2.02	0.61
5.08	-1.22	1.99
1.25	-1019.44	2.75
3.02	-1.42	1.16
-0.32	-1.74	2.60
0.69	-2.08	7.33
0.07	-1067.78	2.73
1.07	-0.60	7.34
3.45	4.38	-951.75
3.43	-3.77	2.96
1.72	-7.09	5.72
0.80	0.97	-2.68
-9.52	4.82	-5.15
-0.29	3.86	-3.84
-9.81	-0.73	1.50
8.47	-0.13	0.78
1.09	-2.83	2.33
1.58	0.81	3.25
1.40	1.08	-1.93
1.97	-4.21	4.30
4.14	-3.89	-923.55
-1.69	5.84	-2.43
0.33	1.88	-0.07
0.06	0.95	-3.71
-2.07	-3.75	3.03
-1.26	-1.76	4.03
-3.13	-987.20	-0.64
1.76	2.77	-4.67
-10.98	2.40	-6.90
2.84	-5.98	2.36
0.87	2.91	-4.66
-2.01	-2.58	3.97
-3.69	2.72	-0.10
-2.47	-2.56	-0.57
5.57	-6.56	5.69
-2.42	-1.15	-2.02
1.10	-1033.29	5.35
-2.72	-2.08	-0.31
2.59	-7.26	5.85
0.11	-2.75	3.04
-0.01	1.17	-0.58
-2.51	4.58	0.28
1.57	1.71	-5.17
2.34	-4.82	5.22
1.02	-5.40	6.13
0.89	-4.85	2.10
-0.48	1.72	1.78
2.63	5.15	-4.75
2.19	2.26	-0.14
1.69	0.77	1.57
-2.64	2.46	-4.16
-0.42	0.01	-1.87
-2.02	-0.65	-0.35
-1.03	-1.29	4.85
-9.23	-0.85	-1.94
0.83	-2.76	-1031.78
0.58	0.55	1.34
8.96	-0.43	7.46
-1.45	-2.60	3.79
-0.42	5.32	0.50
-1.25	-0.57	1.68
-0.21	-6.16	1.87
-1.23	5.99	-4.02
-0.62	2.76	-984.30
-0.73	-2.26	4.68
0.32	-5.98	4.10
0.25	5.65	-994.77
3.58	-6.56	6.71
2.19	5.53	-0.95
0.10	2.66	-1.68
4.72	1.76	-3.89
-0.46	-1068.45	-1.55
1.81	-2.54	6.82
2.33	2.57	-2.53
-0.85	5.12	-1.46
-18.54	0.63	-0.64
2.30	-6.94	4.85
-2.00	1.34	-0.03
2.85	-4.85	2.91
-6.56	-2.08	3.55
-3.19	0.83	-1.40
-6.84	-2.63	7.40
2.97	-957.35	-1.88
0.16	0.91	3.48
1.88	0.45	0.82
-1.61	4.72	-2.27
0.32	-1.70	-1.74
-1.45	8.48	0.20
5.96	3.89	-2.95
0.85	-1.54	3.56
-0.40	-3.60	3.15
-9.52	0.37	-3.37
-0.39	0.28	4.51
3.28	1.03	-4.42
1.36	-0.62	-0.49
-8.54	1.30	-1.98
0.57	-2.66	-928.71
0.01	0.47	0.32
2.98	-1070.63	3.30
2.54	-0.51	1.95
-0.80	1.28	-0.56
1.00	-1.12	-2.69
0.15	6.26	-0.97
3.56	-2.96	2.75
0.56	-1.61	-0.92
2.66	-7.20	5.22
-2.09	0.28	-2.87
1.82	3.55	0.21
-2.48	-1.30	4.08
2.32	-0.78	6.22
-4.61	-1.44	-0.96
2.11	-1.20	-0.32
0.34	-1.16	-0.07
1.27	2.13	-961.83
-2.46	5.34	-2.51
0.82	1.78	-0.90
0.75	4.35	-1038.17
4.14	1.71	-5.29
-1.91	-7.58	1.33
2.75	-3.72	5.70
-0.02	3.58	-3.30
1.54	-1.25	-1.17
-6.25	-922.52	-5.06
1.53	4.82	-3.62
-0.18	3.40	-0.02
1.93	2.47	-3.36
0.24	2.69	0.78
-1.90	-2.42	3.14
3.16	0.41	-0.27
2.34	0.61	-2.58
1.02	-0.23	1.36
-2.72	2.68	-5.84
-2.52	1.22	-0.80
-2.68	-2.54	1.08
-10.65	-2.12	0.06
0.62	0.22	1.12
-1.36	-0.66	-0.08
-7.90	-811.84	36.80
-3.68	-2.20	-0.02
0.31	-5.15	-1040.25
-21.63	0.04	-2.00
3.00	-0.67	3.97
-5.12	1.98	-2.82
-1.13	-0.05	-0.34
1.09	0.78	-4.36
-1.60	-1.46	-2.78
0.15	-0.26	1.19
1.03	-2.34	3.29
5.18	1.50	1.88
1.13	0.34	1.22
-0.64	1.05	-2.60
-2.86	-1.26	3.16
-0.99	2.05	-1.89
5.14	5.42	-3.73
2.84	-1.83	-962.01
-4.80	2.61	0.60
0.38	-3.97	6.16
2.03	-4.09	7.12
1.12	-2.24	-0.34
-1.85	7.51	-0.16
-0.28	-0.14	1.93
-2.18	-4.59	-1.53
-0.72	-1070.16	1.00
1.72	-951.61	-2.58
-0.42	0.65	1.10
0.65	1.36	0.63
-9.84	4.61	-2.59
0.62	-5.00	1.80
-0.06	1.64	0.43
-1.22	-5.73	-996.03
-10.18	1.25	-3.49
0.14	-0.80	1.59
2.45	-1.45	0.33
-7.77	-6.84	5.66
2.74	2.27	7.19
2.54	-1.16	4.10
-8.64	-0.43	0.72
1.04	-1062.09	-2.16
-9.40	-0.46	1.61
1.77	2.90	-0.21
-9.27	1.04	0.82
-5.87	-5.79	-0.38
-1.54	6.76	-5.24
0.68	3.82	-2.92
13.90	-0.60	-0.59
3.41	0.41	-2.05
-0.68	-2.77	0.69
3.47	3.07	-3.19
1.59	-5.72	4.46
-9.84	-7.29	4.58
-4.20	0.05	-4.20
-3.29	-3.14	0.08
2.41	0.03	0.65
-0.60	-3.73	1.97
1.24	2.48	-960.79
10.51	0.39	1.65
1.28	0.83	2.02
3.71	1.68	-2.52
2.21	-0.41	1.61
1.26	2.79	1.70
-0.47	-918.17	5.09
-2.35	-0.51	1.75
5.46	2.80	-5.50
1.04	-1.83	0.58
-1.46	-2.84	-2.21
2.12	0.09	3.57
-0.77	-1061.98	-3.58
-6.93	-2.69	33.73
-3.15	1.12	-2.54
17.16	-0.51	0.74
0.80	-0.55	1.41
-0.36	-4.18	-1.48
0.51	-0.67	4.16
0.19	-970.53	-3.21
1.25	-6.05	7.20
-2.32	-2.04	5.00
-1.93	2.42	-3.07
4.27	-4.10	1.95
3.57	-0.55	2.13
3.29	-2.85	2.54
1.58	-0.38	-2.68
0.47	-811.99	42.00
0.08	-1.64	1.31
2.51	1.43	-1.40
4.13	3.08	-3.24
5.19	2.97	-0.76
1.05	-0.70	-0.15
1.83	-3.40	3.65
3.42	5.01	-0.68
-1.32	5.15	1.06
2.42	2.52	-1.40
2.69	-2.61	-1.39
-3.84	-1.60	-6.41
-1.36	-927.70	5.47
-0.85	53.70	118.77
-0.55	-5.18	1.68
0.54	-5.20	6.11
-6.76	-2.51	-0.45
3.24	-4.26	-2.17
-4.76	0.56	2.51
0.63	-0.94	0.37
-0.53	0.00	-3.36
0.43	-3.07	0.38
-0.27	4.70	-1.41
-3.61	-1.68	3.95
-32.55	-1.55	0.38
0.80	-3.84	1.00
-3.41	0.76	2.93
-2.09	-1.14	-2.29
2.63	1.10	1.38
1.37	4.49	-5.31
1.40	-0.46	0.15
-0.08	0.57	-1.39
-10.89	-2.26	2.33
-3.23	-1056.91	-5.02
-4.17	3.48	-3.75
0.47	-3.55	2.51
3.64	3.50	-4.32
2.82	3.48	-3.82
0.10	-2.41	-941.68
-4.52	3.07	-0.93
2.37	0.97	-0.77
-0.90	0.10	3.15
2.63	-2.24	0.42
2.75	-1.03	-5.69
1.83	-4.04	3.21
0.11	-1.23	2.71
0.05	-6.92	4.31
-2.30	0.17	0.88
-0.70	1.15	0.87
0.83	1.82	2.33
2.46	-0.53	-3.28
-1.94	2.73	0.42
-5.82	0.14	2.46
-1.26	0.16	2.44
1.50	-1.46	3.29
4.93	0.22	-2.21
-2.44	-2.51	1.95
2.50	2.00	-997.60
0.78	3.69	-4.90
-0.56	4.28	-1.75
2.35	-1.50	-2.64
1.37	86.63	144.62
1.09	-1.35	1.45
2.90	-0.24	0.87
3.98	-975.33	2.55
0.00	-7.95	6.78
-0.58	7.48	-0.81
-2.84	1.87	-1.11
-2.95	2.59	0.16
2.91	-5.13	5.50
2.34	-2.72	2.28
-0.41	-3.14	1.31
3.46	-1.34	3.44
-0.61	1.56	3.51
4.30	-2.93	-2.60
0.32	3.96	-1.28
0.74	-2.25	-0.39
-1.26	-2.29	-1.91
13.09	-3.26	-0.33
-0.82	0.57	5.38
1.85	0.09	-984.77
2.73	-1.32	0.17
1.96	-3.59	-1.08
4.04	2.16	1.25
0.06	1.87	-0.80
-11.46	-8.03	-1.49
-1.95	-996.52	0.66
-0.51	-3.59	-0.31
-1.58	3.70	1.10
-1.08	1.59	0.05
-1.87	-1.27	4.24
-2.04	-1.32	1.95
0.68	-3.98	-4.32
2.13	-1.16	1.38
1.60	0.66	-2.59
-1.48	1.19	-2.56
-9.60	-1.97	1.85
3.41	-7.15	-2.87
-1.94	-5.79	5.65
2.55	-0.12	-2.04
3.24	-4.95	-0.63
3.72	-0.14	4.82
3.69	-2.41	2.88
0.36	5.77	-6.41
-1.05	-0.91	-2.73
1.67	-2.98	1.76
0.31	6.94	-3.89
9.33	0.52	1.19
3.65	1.43	-4.48
1.71	-1.20	3.46
1.65	2.78	0.33
1.75	5.22	-4.29
7.51	-5.88	3.09
5.52	2.13	0.51
0.86	2.37	-1.32
0.10	-5.45	6.02
2.29	5.40	-1.59
-1.66	-1.24	2.45
1.29	5.09	-3.44
-2.30	-1.82	2.61
-0.09	1.01	2.50
-4.11	3.62	-4.35
2.79	2.99	-5.54
-1.14	-1.72	-6.43
0.54	-3.33	0.49
2.37	33.04	-816.64
-12.13	-979.29	-5.86
2.72	0.94	-0.03
6.10	-5.28	2.06
1.85	-1.13	4.21
0.29	-934.26	-1.12
-0.54	0.79	-1.49
0.23	0.20	0.12
1.52	-5.80	6.71
3.29	2.07	-1.41
12.35	-2.63	-0.27
-2.46	-4.11	-0.56
2.31	-4.09	0.65
-0.04	2.69	0.38
0.16	2.13	62.40
-0.05	-1.83	5.10
4.00	0.67	-2.25
0.58	-0.22	-1021.60
2.13	-0.62	0.46
-0.20	4.48	-934.19
-4.35	-1.44	-0.94
1.18	4.12	-961.08
6.20	-1.62	2.11
0.17	-2.71	-0.10
3.43	3.81	-5.60
0.46	92.54	147.34
-4.37	2.58	-2.03
-10.40	8.06	-4.97
0.37	0.11	3.92
0.88	-1.30	-0.39
2.13	-2.09	3.74
2.92	0.14	2.28
-11.27	1.11	6.92
-0.78	2.83	-2.66
8.73	-3.70	4.33
-2.06	6.74	-2.45
1.39	0.45	0.66
-7.31	4.51	0.34
-1.33	-2.32	0.51
1.09	1.48	-2.72
-3.55	-1.34	1.94
-1.52	-3.74	4.35
0.00	-4.12	4.10
1.05	0.73	-0.40
-12.61	1.19	0.85
0.36	-1.10	-2.30
1.93	1.98	-3.63
-1.11	-4.12	0.77
0.56	-3.11	-1.12
-0.51	-0.14	-0.61
-2.03	-0.48	-0.48
2.99	1.25	3.74
20.67	0.13	0.11
0.05	-3.30	1.67
2.32	-892.71	1.23
-1.38	0.69	1.42
-3.10	-0.67	2.12
-1.65	1.36	-2.96
2.82	0.78	-1.35
3.85	0.14	1.41
-3.05	0.58	1.83
1.40	-0.86	-1.96
0.74	-1.52	-1048.69
0.64	2.96	4.58
0.68	5.24	-3.49
3.24	5.76	-1015.16
5.45	-3.53	1.07
2.72	-1036.86	-1.42
-0.33	5.93	-5.65
1.97	8.46	-0.78
0.57	8.38	16.60
-12.24	4.30	-6.46
-0.79	-7.97	-0.61
0.55	0.87	0.50
-1.50	-4.83	3.74
-1.02	-983.49	4.79
2.36	0.56	-1.25
3.47	6.24	-5.75
-2.46	1.28	-3.80
-1.74	3.31	-1.55
-0.94	4.63	0.31
-0.22	-1.48	0.76
-9.60	20.12	73.39
-18.97	-857.54	19.63
3.88	-1.14	2.34
1.93	-1.45	-979.21
-0.94	1.12	-2.36
-1.18	-3.32	2.55
0.25	0.93	3.01
-0.20	-6.33	-958.05
3.11	-0.61	2.52
1.42	6.22	-2.88
4.35	-3.29	-1.19
0.18	2.19	0.57
-1.54	-1.15	-2.51
1.31	1.32	-0.87
0.67	0.88	-3.15
-2.49	2.11	-5.58
9.23	-0.51	-5.49
1.32	1.72	2.38
1.92	1.49	-4.89
-1.62	1.92	-5.53
-2.36	-1.55	-2.55
-2.67	-0.53	-0.37
0.44	0.20	-4.89
-0.35	0.99	-0.04
2.90	1.18	-0.18
1.14	-952.75	3.37
0.02	-1.03	3.84
0.40	-955.79	0.45
-4.79	-990.27	0.01
-1.01	-6.87	-2.25
-3.98	-1.07	-0.33
2.57	1.07	-0.08
-4.31	-8.81	-1.31
1.49	0.47	-0.93
-4.80	-0.22	0.20
8.37	-1.43	-5.53
2.77	-5.23	1.86
-12.08	2.04	-1.34
0.03	1.74	-3.93
0.45	4.87	-5.70
2.29	-2.60	8.76
3.16	-0.57	-1030.31
1.04	-1.74	-0.68
0.80	-3.63	0.08
1.29	0.12	-5.06
1.74	-1075.74	4.96
-7.97	1.08	2.48
4.49	-2.65	0.17
0.04	-3.97	5.03
-3.08	-0.04	1.91
1.82	2.22	-2.25
1.10	-2.68	3.21
-3.34	-2.28	-0.97
-1.71	-6.48	4.09
-0.53	-2.93	1.49
-0.54	3.16	-2.01
2.30	1.93	-4.20
1.32	0.75	0.21
-2.53	1.30	-2.67
-3.18	-1.77	-0.44
0.38	-2.37	3.42
1.58	1.46	-6.25
-1.67	3.18	-7.72
2.52	-0.41	0.37
2.10	1.45	0.01
-0.85	-2.93	0.71
2.45	-6.32	2.42
1.06	4.01	0.58
-1.91	-5.01	5.05
1.75	-4.12	5.85
2.01	2.70	6.62
-2.37	1.90	5.02
15.52	-3.07	-0.09
0.06	-2.31	2.86
1.73	0.89	-2.50
-2.39	-6.55	1.23
3.37	0.41	1.12
1.61	1.94	-4.15
3.39	0.48	3.49
-1.02	0.99	3.46
1.95	-2.31	28.12
1.12	-2.40	3.36
0.22	-1.78	6.24
0.49	0.52	-1.73
0.99	0.55	-2.17
-1.04	1.37	-4.77
10.73	2.25	-1.77
2.40	-0.33	1.97
0.34	-7.24	3.98
1.16	-4.05	6.58
-0.29	-2.33	-0.03
-2.15	0.58	0.82
5.73	-4.45	0.22
1.39	0.64	4.70
-1.45	5.47	-5.11
-0.36	-1.74	1.70
-0.66	-0.99	0.00
-1.07	-1003.09	0.11
3.18	-4.21	-2.03
3.49	-945.18	3.23
-1.21	1.24	-0.68
0.35	-1.21	-3.19
1.82	-1.56	-2.67
-1.84	-959.78	-4.07
0.95	1.65	1.10
2.96	-4.39	17.10
-0.45	-0.86	5.62
-1.69	4.27	-2.67
-1.19	-5.44	1.60
0.11	1.68	-3.72
-3.00	-1026.89	-2.30
-1.20	1.51	-0.55
2.83	-0.46	-1.36
1.02	2.07	3.39
0.17	-0.58	-1.26
3.28	-966.49	-3.57
3.13	2.29	-0.20
0.47	-1002.28	-1.44
-0.07	-0.38	4.21
1.14	-1.48	1.25
2.56	5.48	-6.27
-7.84	-0.83	-1.04
3.75	4.30	-7.45
5.95	-1006.77	2.67
2.72	-0.34	-1.09
-1.41	-1.53	-2.62
-11.05	-1.28	-0.29
1.46	3.11	-0.15
-10.70	4.35	-3.30
6.52	-0.81	-1.94
-0.34	0.34	1.50
0.17	-6.43	5.32
2.12	-5.84	4.36
-10.64	1.88	-2.18
2.57	-2.22	3.80
-0.55	-1.85	6.01
-3.68	-2.11	4.56
-0.21	2.28	1.44
1.25	-1.42	3.52
8.39	0.77	1.88
3.59	-2.71	-0.43
-7.25	-1.48	4.46
2.43	-1.96	-6.79
3.64	1.90	0.77
-4.18	-4.34	-974.56
2.80	3.41	-5.87
1.98	0.13	0.01
-5.50	-4.83	5.51
-3.50	4.36	-0.47
4.89	0.04	-3.07
2.25	3.08	-2.36
-0.45	-0.21	-1034.52
-18.66	-3.72	3.12
3.89	4.40	-1.81
0.83	2.25	6.87
1.39	1.43	1.18
-2.66	0.30	-2.79
2.53	0.35	6.06
0.07	-1.03	-979.59
-0.44	1.71	-0.77
3.18	2.19	2.16
2.49	-3.41	3.01
-4.49	-0.03	0.60
-1.98	-2.13	-1.20
0.58	-6.53	2.91
-0.03	-2.31	1.50
-7.29	1.91	0.53
-1.58	5.50	-3.00
-2.28	4.77	-1.58
2.23	-4.53	7.55
3.21	-2.86	4.01
4.45	-1007.54	-0.81
0.35	3.77	1.39
1.35	-5.87	2.50
2.16	1.01	-957.59
2.30	-3.08	3.96
-2.27	-4.63	-8.83
-2.05	0.03	-0.51
2.95	-2.59	-2.51
0.62	-3.73	-992.59
-12.93	-3.01	0.85
1.68	-3.66	3.65
0.02	-2.86	3.39
0.77	-3.42	2.97
-13.05	0.04	-1.14
0.30	-1.19	0.32
-6.79	-1.69	-7.24
-1.01	-5.78	6.36
-2.65	0.84	-986.18
1.29	-0.40	2.93
-12.44	2.07	-1.95
0.96	-0.53	-1.70
-0.85	1.43	-0.37
-0.30	2.34	-4.90
4.84	18.67	73.41
-2.32	-1.22	-0.81
1.89	-1.76	-1.59
3.01	1.40	-0.71
1.65	0.97	2.06
3.28	3.70	0.21
-2.17	-1.49	0.17
1.33	4.30	1.21
1.32	5.69	-2.51
-4.35	-5.70	7.54
-4.04	0.84	-3.33
-8.39	-0.74	1.54
-0.82	1.86	-1.75
-0.66	2.46	-2.68
-0.82	1.87	2.13
3.16	1.02	-1.75
-1.94	-1.04	-7.07
-0.86	3.68	-2.92
2.83	0.80	-0.59
0.54	0.86	-0.82
0.60	-0.65	-1.51
2.92	-1.47	-0.24
-4.79	-4.91	-900.94
-6.80	1.68	-6.34
0.80	-3.47	0.05
-1.93	-0.71	-1.61
-0.01	-4.75	-971.39
39.77	-60.74	-73.13
3.05	-3.53	1.00
-0.36	0.42	-0.33
1.39	-0.77	0.80
1.85	-6.61	-1.93
1.21	-0.27	-2.17
2.85	-0.60	1.11
-0.73	-8.11	5.18
-0.27	2.93	-2.54
1.04	0.67	-1.02
0.49	-3.25	0.04
4.05	2.55	-6.23
-1.48	-0.73	0.95
3.58	2.03	-4.19
1.94	-0.60	1.12
-0.20	3.48	0.54
-1.48	-0.63	-1.81
1.05	-4.98	0.05
3.51	-6.09	3.28
-1.83	-0.10	0.46
-2.65	2.96	-1054.59
-1.08	0.59	-3.11
-0.33	1.91	1.07
-0.25	-0.49	-2.28
-1.32	-0.03	-3.42
-4.24	1.11	-2.86
-1.07	-1.86	-0.07
-0.22	-4.79	0.88
7.60	0.79	-1.62
-0.93	-0.50	2.07
5.69	0.83	-3.63
1.72	6.98	-1.46
0.65	2.30	-5.78
-9.48	-0.25	1.75
3.10	-0.21	-2.33
-1.30	5.53	0.09
2.00	-2.79	1.73
-2.50	0.66	1.98
1.01	0.78	3.34
-2.65	-0.44	-0.98
-1.05	-0.21	1.28
-0.21	3.27	-4.08
-1.69	2.15	-4.00
3.40	0.55	-1.93
4.56	-2.03	3.13
-7.25	-2.99	-0.76
2.21	1.47	-0.07
-0.69	-939.97	-1.68
-3.06	-1007.70	-3.95
3.91	-2.20	-1.17
-0.27	-6.08	1.44
2.93	-955.68	-0.84
-0.59	4.46	-4.07
1.73	-1.37	1.32
-0.31	-1.55	3.82
-1.80	-0.92	3.62
-1.72	-0.23	3.95
4.00	-3.77	-5.22
3.74	2.61	-0.34
2.23	-5.32	7.09
10.87	-2.50	-1005.01
4.90	-2.92	1.91
-1.14	0.87	-0.20
1.73	2.77	-2.67
-10.29	-0.64	0.33
-1.65	-3.10	-0.75
-0.47	-0.61	-3.73
1.59	-2.42	5.11
-2.94	-4.34	4.70
-3.88	2.00	-2.04
-0.90	-1.95	-2.14
-1.92	2.07	-2.07
3.25	-0.02	-3.20
-3.23	-3.23	-2.60
-0.53	0.45	2.60
-0.22	6.78	-0.42
1.19	1.56	-2.26
-2.58	-6.76	5.39
-2.93	-3.67	3.36
0.05	-4.30	2.43
1.62	-1.24	5.11
-0.85	1.46	-2.71
-1.21	0.44	-2.36
1.10	-3.85	2.76
-0.33	-4.79	3.31
-2.49	-0.57	-981.68
4.15	3.19	-5.09
-0.66	4.03	-4.95
4.40	-1.62	-0.34
-8.77	1.18	-3.97
0.47	1.59	-1.24
0.00	-4.36	2.97
-0.93	-0.46	0.03
3.09	-2.57	3.98
-1.91	0.30	3.33
0.49	-1.13	-4.20
1.82	4.83	-2.21
2.67	-1106.29	1.64
3.15	-5.27	7.07
3.25	2.69	-1.41
-3.77	-5.91	2.93
2.23	-5.20	1.32
2.35	-3.15	-0.04
-2.62	-0.22	-0.40
-1.43	3.06	-3.64
-6.89	-1000.91	0.54
0.25	-2.78	4.41
-1.94	-2.04	7.14
-0.09	4.77	-6.64
0.95	-2.10	3.86
1.09	-1.35	-2.01
1.11	-0.43	0.84
-3.02	-1088.80	0.60
1.77	-3.98	1.14
-0.41	-2.03	0.58
0.35	-4.09	5.34
0.75	4.38	-4.57
6.31	-4.07	2.77
2.14	1.53	-3.79
-1.00	-0.62	8.32
2.22	7.96	-2.75
-2.53	-3.34	2.65
5.29	0.96	-4.31
1.18	-1061.98	-1.85
-1.01	-0.06	-1.59
0.09	-0.19	-1.52
-9.73	-3.81	1.41
2.68	-0.46	-0.34
1.23	4.84	0.94
1.85	-0.98	2.46
0.86	-0.18	-0.83
-0.98	-1.58	4.89
2.40	-1009.08	-2.70
-1.60	-3.21	2.76
4.13	-2.66	1.63
40.69	-0.17	0.04
3.56	6.69	-6.77
-0.41	-3.33	4.83
-0.69	3.13	-0.83
0.38	0.27	1.35
4.11	2.82	-4.02
1.86	1.46	-1.25
-1.86	3.59	-6.35
0.47	-5.41	-1012.70
-3.13	-1.03	-4.17
-3.38	-3.18	-0.90
0.62	-5.24	7.71
-5.29	-2.06	3.25
-2.58	0.59	-0.93
5.55	1.94	16.66
0.57	-4.69	5.80
2.64	0.60	-0.23
-1.82	-2.02	-0.96
-0.39	-2.50	4.51
1.88	0.50	2.53
-1.74	4.16	-1082.06
3.04	0.84	0.66
1.76	-2.20	4.87
0.67	3.10	2.80
1.47	-2.07	3.03
1.34	-3.31	-1.30
-0.55	-0.73	0.29
-0.69	-0.94	-0.21
1.36	3.24	-5.00
-0.72	1.52	-0.99
-1.27	-1.43	1.08
0.45	0.64	-988.31
3.09	1.81	3.50
-1.13	1.20	-5.72
4.40	0.46	-0.06
-3.26	4.08	-0.61
1.24	-0.73	-0.49
2.91	-0.89	0.18
2.60	-2.10	-4.54
5.38	-0.79	0.40
-6.27	-1.45	-0.18
-1.22	-0.02	4.13
2.89	-4.74	1.63
-2.34	-1.49	-0.79
1.46	0.20	-0.99
-0.05	2.35	-4.36
-24.34	-0.85	2.90
2.01	-3.56	-2.11
1.09	1.88	-0.47
0.34	1.44	-4.69
-4.35	-2.34	2.38
5.07	-1.58	0.59
-1.96	-1.36	-1.97
2.16	-0.10	3.50
2.94	-4.66	2.19
-1.38	0.80	3.17
0.60	-972.00	-5.81
6.73	3.67	-1.82
-1.98	-5.58	1.10
0.00	1.27	0.21
-3.66	0.82	0.22
-7.76	-2.50	-0.42
-0.38	2.53	-4.17
-0.81	1.09	-1.24
-0.19	4.25	-4.54
2.10	-0.90	2.87
2.55	-1.69	0.90
-2.26	-5.99	-936.33
-2.07	4.59	-1038.80
5.70	1.34	-0.59
-4.53	-4.38	3.89
-0.07	-2.37	3.68
-1.29	2.13	-6.53
-1.61	2.39	-0.12
3.29	1.25	-0.41
2.09	-942.45	-4.79
2.24	-1.59	-6.15
-4.39	-3.49	1.02
8.79	4.89	-1.02
-0.03	0.31	-2.69
-0.26	0.32	-2.23
-0.53	-3.31	0.84
3.35	1.75	3.11
-2.79	2.36	-6.73
-2.62	2.26	1.31
0.64	-0.01	-2.36
-22.38	1.02	-0.86
-13.60	-3.06	1.24
-1.17	5.24	-3.58
0.54	1.69	-3.65
-3.80	-1.98	6.19
-0.46	1.35	-2.41
3.90	1.89	-0.41
-0.35	-4.51	-984.14
-10.42	-0.67	-0.75
-1.47	3.36	-2.58
-7.53	-4.46	6.18
-1.30	-7.10	4.32
0.36	0.62	-0.94
-6.21	-0.18	-1.17
0.46	2.81	3.58
-7.20	1.43	1.02
-0.71	1.48	-0.29
3.71	5.51	3.79
1.38	-3.57	4.34
5.13	-2.11	0.48
-2.26	-5.58	2.34
-1.69	-3.08	1.60
1.17	2.83	-4.79
0.02	-5.68	3.45
3.74	-934.09	-3.06
-0.38	-1.38	7.30
1.66	-7.45	4.55
9.17	0.98	0.87
-6.33	0.85	0.40
3.70	-1.88	1.68
-3.27	1.56	1.52
-0.29	-2.35	1.89
-1.20	-0.98	0.69
0.45	-3.03	1.44
10.50	-0.74	-2.56
1.04	-0.81	2.14
-0.95	-1.76	3.79
0.31	-2.42	4.73
2.16	-0.25	1.33
1.85	1.76	8.50
6.47	0.59	-0.10
-1.27	-1.42	-0.02
1.88	-0.37	-1.18
-6.46	-1.46	3.11
0.15	-1.13	3.76
3.26	-2.73	3.31
5.88	-57.96	-49.41
3.00	6.69	-4.57
2.28	3.08	-0.37
-0.52	-3.78	-6.73
-1.05	1.01	-0.45
1.73	-4.35	3.02
-1.29	-1.19	3.00
0.76	-2.80	-1.40
0.74	-3.63	1.53
-2.16	1.07	-1.01
5.00	-0.58	-929.82
1.04	5.99	0.53
0.62	-2.64	1.82
3.80	0.15	-989.61
-0.06	-2.26	-1.52
2.58	-5.93	3.92
-2.16	-1018.63	1.05
0.89	3.08	-6.95
2.13	5.73	-3.06
-3.95	2.98	-0.23
4.59	1.76	0.54
0.22	7.64	-7.03
2.90	-948.26	6.26
-0.14	0.57	7.66
1.88	-0.61	-0.61
0.42	0.89	-0.95
-5.05	-7.90	4.90
2.26	-0.52	1.99
0.45	1.94	-5.00
-1.57	-3.46	5.56
0.65	-3.17	-1.07
-3.25	-4.80	4.15
2.55	-888.50	-1.86
4.23	-3.86	-0.90
-1.74	-3.41	1.67
-1.96	0.76	4.90
-0.32	4.56	-3.50
2.33	-3.37	2.25
-1.65	2.45	-6.31
-5.77	-3.41	-1.40
-15.58	2.03	-1.74
1.38	-1.15	2.58
2.87	0.59	-0.12
-8.10	5.05	-973.12
-6.37	3.17	-2.92
-3.65	0.14	1.61
-0.61	-6.70	-6.74
-4.59	-0.27	5.62
3.03	2.88	-2.90
1.29	-6.45	6.73
3.33	-1.66	0.95
-0.24	-1001.10	2.92
-0.29	2.09	24.69
3.49	-1.53	5.17
-2.52	0.22	-2.28
9.26	1.34	-0.31
2.39	0.37	1.39
0.04	-1.40	-0.81
0.52	1.68	-0.69
-2.63	-0.51	0.80
-2.61	-0.59	-0.48
3.06	-960.28	2.40
2.36	6.29	-1.57
3.27	-3.94	2.66
1.02	0.89	-1.85
-11.80	1.10	0.91
0.35	0.80	-970.21
-8.68	0.03	1.06
0.87	-1071.02	1.92
1.62	-1.95	-1.19
0.99	1.34	2.13
0.75	0.04	1.63
9.76	1.80	1.08
1.90	0.72	4.14
0.52	0.04	-0.29
-3.22	1.10	8.71
2.74	8.44	-5.77
-12.98	-0.58	-2.66
4.12	-0.88	0.85
7.62	-2.52	-2.62
4.00	-1.74	2.45
3.77	-7.12	-1040.07
1.97	1.74	0.88
-0.30	-1.31	-1.56
3.27	2.47	-4.67
-1.66	0.21	1.07
3.48	-1.13	0.64
2.55	-1.47	-2.84
4.03	-4.36	3.12
2.19	3.90	-0.48
5.87	-1.45	-1001.50
1.54	2.55	1.32
-0.41	-0.16	-3.74
2.40	-5.70	-0.72
0.92	-0.99	2.09
3.90	-0.58	-2.51
0.47	-1.59	0.99
0.30	4.35	-5.69
3.50	-0.28	-1.45
2.93	0.95	-1.27
0.92	1.66	1.30
1.34	0.09	-6.07
-1.15	-1.54	1.20
2.84	2.11	-2.35
1.39	4.83	-5.38
0.56	-3.16	1.30
1.92	0.69	-1.16
0.39	-3.41	2.72
1.77	1.98	-0.47
1.15	-1063.83	-3.06
0.69	0.39	-3.23
0.38	-4.85	0.67
-4.66	2.07	-3.55
3.46	-0.17	0.20
2.12	-0.99	2.35
0.32	3.12	-2.63
3.89	1.54	2.12
2.32	-1.14	2.80
-1.27	-3.04	7.15
-1.43	2.21	-5.11
-1.65	-1.27	-983.23
-1.83	0.01	1.51
-1.02	0.06	-2.07
-11.22	3.70	-1005.79
2.85	-6.08	4.10
-3.33	0.85	-1.72
0.05	-902.96	2.11
-3.93	-5.57	4.98
3.77	-3.11	3.39
-1.29	-6.11	7.17
-0.78	-0.80	-2.18
0.77	-5.53	3.64
-0.05	-1.57	0.94
-0.34	0.30	0.58
-1.49	4.82	0.25
2.41	2.57	-3.09
3.14	0.20	-5.45
-0.34	2.34	1.76
-2.69	-0.25	-0.72
2.38	25.43	-819.91
-1.13	-1.04	-2.88
1.52	0.08	1.68
-0.24	1.95	-1.93
1.17	4.63	-3.11
1.77	2.64	-2.16
3.64	1.72	-1.98
2.57	1.68	-0.90
1.43	-5.66	6.01
0.70	3.64	1.13
1.36	-0.32	-1.18
0.34	2.84	3.32
2.38	2.90	-0.25
0.78	0.57	1.31
6.91	9.16	64.60
2.75	-3.98	5.60
-0.94	-1.13	3.26
0.85	-3.26	0.40
1.77	0.79	-7.45
1.85	-1037.85	-6.58
-1.52	-2.21	2.88
-1.55	-0.51	3.18
0.15	-1.33	1.88
1.37	5.43	-7.30
3.03	-1024.28	3.98
1.39	1.58	-2.94
-3.62	-1.27	4.42
-0.83	-0.85	1.53
-0.17	1.49	-0.31
-0.96	2.04	-4.31
1.06	1.01	-4.90
2.39	-4.43	2.57
0.03	2.11	-1.50
-1.02	2.93	-1043.11
3.32	1.73	0.12
0.51	1.71	1.96
1.74	4.79	-2.82
-0.39	-2.53	-3.73
-0.49	5.07	1.42
3.51	3.70	-1.22
-1.22	2.28	-4.47
-1.16	3.23	0.20
-1.55	-0.21	-0.21
-0.55	0.76	-3.43
-0.60	6.21	-2.32
0.85	1.55	-0.68
0.28	0.29	-7.23
1.40	-1032.86	-0.76
2.12	-1.95	3.01
0.34	-3.85	5.70
7.76	1.08	-0.39
1.70	-1016.87	-0.62
-1.79	-3.36	5.70
3.16	-955.58	-1.59
-1.07	-0.27	-1006.78
0.61	2.88	1.37
3.66	-2.29	-1.23
-0.65	-1.30	-2.62
-24.70	2.05	-0.99
3.27	1.70	-3.32
1.36	-0.94	-0.41
-2.40	-4.24	-0.23
-1.18	3.50	-3.35
-7.65	-0.62	3.29
-0.19	-4.58	-945.80
4.55	1.52	-1.97
2.57	1.39	1.63
-5.91	-0.22	-0.31
-0.21	0.22	-0.80
5.23	3.55	-0.36
-2.68	-2.59	4.30
2.08	-0.69	2.37
-0.26	-3.98	6.12
2.86	-6.51	-0.19
1.98	-1027.70	3.09
0.88	-1035.74	0.34
1.89	6.69	-2.28
1.95	-1.06	1.41
0.47	-2.33	0.34
-8.63	3.03	3.61
-3.14	-3.63	3.16
-4.68	-2.58	-1.68
-0.74	1.38	-0.98
-11.10	1.79	1.08
-11.53	-0.57	-7.24
2.70	-3.44	7.08
-0.52	-1045.22	3.22
4.60	3.82	-2.82
1.97	1.47	-1021.76
2.16	-3.27	-1.73
-6.90	1.94	-4.23
-4.22	1.01	-0.72
-0.55	2.99	-1.34
-0.72	-1.73	-2.83
-0.45	0.30	-3.07
1.76	-1045.58	4.21
-3.85	1.18	-3.54
-2.30	1.35	-0.20
1.43	0.21	-1013.05
-1.21	4.02	6.53
-3.42	-3.57	2.45
1.65	1.54	-1.54
1.02	3.42	-3.49
1.92	6.37	5.48
-8.46	-2.18	-1.93
0.47	-2.40	-1.97
0.62	-2.79	5.83
0.81	-2.67	-0.63
-2.69	1.55	-3.58
1.63	1.93	-3.34
0.77	-924.12	2.17
4.14	1.42	0.75
-0.55	3.42	-5.23
-1.44	-2.25	-1.12
1.74	3.34	-4.31
-5.69	5.25	-4.94
4.54	-1.96	4.89
3.70	1.38	-0.23
2.73	0.35	-0.03
0.67	2.20	-4.90
-6.98	3.07	-6.99
0.93	1.06	-0.27
1.01	7.45	-3.14
-1.43	-3.91	3.07
-1.50	0.57	-0.18
1.37	0.22	1.17
1.10	3.12	-0.07
0.38	-2.89	-955.51
2.14	5.20	-3.35
-0.32	-0.55	-3.28
-0.53	0.14	-0.07
-14.77	3.43	0.24
2.10	-2.43	-0.22
3.79	-6.67	4.99
4.34	-0.73	7.41
3.64	0.69	0.45
4.91	-1.11	0.55
3.97	-1.46	3.03
1.14	0.77	-0.46
3.26	-0.60	-1.35
-0.05	-0.11	2.07
1.18	0.02	3.12
-2.78	2.47	-0.08
1.45	0.95	-2.15
1.41	1.40	2.88
-0.31	2.51	-6.57
3.56	0.02	2.81
-15.17	-4.61	1.81
9.81	1.60	-1078.00
2.41	5.08	-3.02
3.77	1.49	2.06
-3.86	-2.97	0.11
-2.58	6.38	-3.64
-0.27	-0.13	-941.69
1.54	0.19	39.39
-1.41	1.48	-1090.06
1.16	-4.89	2.86
-1.86	3.21	-7.25
-0.40	-4.17	-1.09
-2.24	0.97	0.80
2.04	-1.50	-0.27
4.80	3.87	-3.72
-3.60	1.78	-3.86
-8.46	-1.12	-5.70
-8.92	-1131.47	-2.27
-2.71	-1.86	2.42
1.30	-8.18	0.35
1.86	-3.15	4.19
2.80	-0.54	1.25
0.07	-1.55	0.03
1.44	-7.29	1.14
2.55	1.31	0.79
2.72	0.80	-0.92
2.03	-1.10	1.47
2.28	-2.24	0.16
0.26	2.70	-1.37
-16.42	-3.03	0.43
-3.03	1.89	-3.10
3.58	1.91	-2.15
-0.75	-0.03	0.10
0.16	-0.50	0.19
1.22	-1.64	4.16
1.17	-2.12	4.70
3.63	4.59	-5.08
0.86	0.87	-4.26
-1.41	-2.81	3.25
-9.08	2.58	-0.11
6.45	-1029.98	0.44
5.45	2.70	-5.11
3.94	-1052.69	-0.20
3.25	-944.59	1.67
0.09	4.73	-2.70
2.50	3.26	-3.27
-2.98	0.72	0.47
3.13	2.92	-0.24
-2.80	-3.82	0.88
3.59	4.54	-6.20
2.20	-0.42	0.28
-2.48	3.34	-4.73
3.62	-1.70	1.53
2.65	2.64	7.08
1.95	2.03	-1.47
-3.37	6.25	-6.85
3.03	-0.46	2.19
0.06	-4.65	1.05
-8.14	-7.20	-7.51
8.07	-1.68	3.67
1.21	2.20	-0.87
2.80	-0.70	3.54
-0.92	-3.81	2.42
1.48	3.99	-4.15
-0.20	1.09	-4.57
-0.04	-3.68	7.34
4.77	-1.71	-1.60
4.07	-1.38	1.86
2.89	-3.18	1.75
-3.70	5.49	-5.39
3.55	-0.77	0.06
0.90	1.57	0.63
4.16	-5.36	3.83
0.72	-1.02	-0.59
-0.52	6.06	-3.33
0.46	0.32	3.05
2.92	-1.44	3.18
2.01	-2.96	0.66
2.53	-4.11	4.86
0.96	-967.05	1.33
1.74	-4.67	-1039.04
-0.05	-0.79	1.56
-1.00	3.19	-2.62
3.11	1.36	0.38
4.86	-0.12	0.76
22.59	-0.66	1.55
-2.84	-948.91	-1.89
5.28	-913.02	-2.44
0.47	-1.99	1.26
0.29	-2.56	-2.44
-9.82	0.26	-3.16
1.29	3.11	-3.64
-1.96	1.67	4.25
0.58	2.95	-3.27
-1.81	-0.52	-1046.12
140.71	-1.12	0.58
1.58	0.66	-4.04
-1.09	-0.16	-1.93
1.29	1.70	-3.49
-1.70	2.90	-0.74
-9.25	-0.71	-0.20
1.78	-5.08	2.82
-3.90	-5.97	4.08
-8.17	0.61	-0.70
-0.17	6.58	-6.46
10.79	2.28	-0.61
2.75	0.07	-1.12
0.49	-3.99	-1027.12
-0.15	3.35	3.84
1.67	-0.08	-5.17
-0.63	0.35	6.44
0.13	1.04	-1.79
-19.04	-971.45	-993.39
-2.32	2.30	-4.28
1.08	-0.51	0.82
-5.34	-0.75	0.96
2.50	1.03	-4.19
1.74	2.14	-5.06
1.42	3.75	-0.96
0.40	-0.52	0.49
-3.97	0.31	-950.94
-15.23	-2.66	2.29
-1.31	-5.17	-1057.71
4.33	-0.01	-2.09
0.99	1.49	-0.08
0.95	-0.29	2.31
2.00	-0.80	-3.54
2.47	2.38	0.71
-6.27	-3.79	5.71
-14.06	-1006.90	2.86
1.69	-2.02	0.13
2.51	0.96	-2.09
-0.57	-2.10	0.92
-0.29	-0.60	3.20
-9.29	-0.98	4.67
0.45	1.57	-3.47
1.79	3.52	-2.58
0.93	2.18	2.51
1.17	-1.01	0.62
0.76	1.68	-4.85
0.92	-2.78	-4.95
-5.09	-3.57	-1.66
4.38	-6.75	2.94
-11.49	-983.54	1.75
-2.11	-0.35	0.42
-0.96	-3.64	2.74
7.31	1.66	-0.42
1.25	2.13	-0.30
1.13	-2.88	0.25
2.68	-2.75	2.05
-2.05	1.56	-0.79
-1.60	2.03	-0.60
-1.08	2.98	-0.82
1.59	-2.75	0.34
9.03	7.51	-2.44
0.65	-0.69	1.32
-9.48	-6.24	6.61
1.65	-2.47	1.79
4.12	1.68	-4.86
-3.30	0.07	1.04
5.25	2.69	-0.41
3.79	-1.93	1.40
1.91	6.07	-2.64
5.29	-1.82	3.52
0.90	5.32	-1023.45
-1.12	-1.63	6.94
-8.90	-3.15	-2.52
-1.78	2.77	-0.05
-3.82	-1003.19	-3.78
-1.12	-1.40	3.63
3.16	1.17	4.06
1.61	3.23	-0.21
-0.27	3.36	-1.40
0.62	-0.24	1.16
2.48	0.46	-1078.53
0.47	-4.78	6.17
1.76	0.07	-3.80
3.88	-2.50	-1.31
0.10	-0.04	-3.58
1.70	5.09	-0.93
1.73	6.26	-4.28
0.94	0.08	-0.06
-0.14	0.24	-1.07
5.01	-4.93	0.34
7.65	0.17	-1.54
2.73	-0.56	-0.01
0.74	0.49	0.07
4.04	-1.28	1.28
-0.51	-2.42	1.47
-4.49	0.93	-0.11
-3.66	1.51	0.58
-0.18	6.95	-7.11
0.23	-2.03	2.09
-1.19	4.80	-1.83
0.17	-0.75	0.62
-2.03	0.15	0.24
3.32	1.61	-1.77
0.72	-4.89	5.16
1.52	-1046.43	3.50
-5.88	0.06	-947.55
5.44	3.06	1.06
1.41	2.51	-4.50
1.73	5.67	7.02
2.51	1.03	-2.99
0.80	-1.74	2.92
-1.67	0.46	0.62
3.71	-829.49	25.31
-3.00	-980.90	0.80
1.13	-2.60	1.32
1.22	5.13	-1.59
-0.29	-0.14	4.15
13.29	3.39	-2.21
-4.57	-6.07	-2.22
-0.40	1.29	-3.51
-2.92	-6.39	6.03
5.63	-2.25	1.77
-2.71	-2.44	0.78
2.01	-2.74	-1000.07
-0.37	-6.62	3.61
-1.82	1.33	3.93
1.44	2.51	-0.72
2.40	-947.19	2.17
-2.41	-0.24	-950.39
-0.68	-1.21	14.32
-0.18	1.44	-1.32
0.31	2.85	-5.73
2.55	2.74	-980.19
-2.84	-815.43	3.41
0.34	2.11	-6.15
3.00	6.81	-2.21
-0.64	-3.49	1.11
2.12	2.91	-996.77
4.34	2.33	-2.57
-3.86	-1.29	-2.55
2.37	-1079.40	-4.68
4.35	5.87	-3.55
-0.44	2.93	-954.85
-16.41	1.30	-0.68
-1.47	-0.92	-1.25
3.12	2.05	0.64
-1.89	1.32	-3.78
-3.23	-4.26	4.81
0.51	5.11	-0.75
4.96	-0.50	0.13
2.45	1.52	4.88
1.35	-1.63	-906.40
-0.36	3.36	2.54
0.41	-3.76	5.32
2.74	-3.80	3.73
0.24	-0.89	-3.47
-0.20	-1070.78	1.86
2.28	3.16	-1.05
-0.20	1.12	1.22
1.31	-4.75	-954.63
-1.70	2.57	0.45
0.64	-2.38	1.08
1.18	1.93	0.40
-1.13	-968.36	-0.92
0.09	-1033.95	0.08
5.66	0.96	2.54
3.81	1.46	1.68
1.13	4.16	-1.12
-0.09	-1.65	4.95
-2.10	-1.27	2.70
-2.80	-1.36	4.11
-10.61	-4.58	4.91
-3.80	2.53	-5.61
-3.38	-3.88	-7.35
-3.58	0.64	-0.79
-1.30	-971.81	-5.20
0.00	-0.91	-0.33
2.34	-0.59	3.39
0.18	2.70	0.28
-2.89	1.76	-1.96
-3.68	3.89	-5.27
0.47	-1.54	-2.53
1.49	-7.59	5.71
2.12	-1.79	2.00
-1.60	-1.97	-4.97
-9.54	-2.52	4.90
4.27	1.75	-2.97
1.33	0.45	-1.13
-7.86	3.40	-0.54
-8.66	-0.18	-0.44
1.06	-2.84	1.12
-2.91	6.47	-5.73
0.92	-0.12	3.05
-2.13	2.74	-5.03
0.52	-930.96	6.72
-2.20	5.08	-4.55
-22.75	0.47	-1.09
3.73	-1.98	-2.83
-0.67	0.55	0.64
-3.72	3.16	-0.82
-2.61	0.35	-3.37
-3.70	1.65	-2.00
2.90	2.93	-4.55
3.31	0.43	3.92
0.10	0.97	-4.21
1.84	1.27	-4.14
-2.88	0.01	-3.59
0.90	2.22	0.39
4.01	-0.70	-2.60
1.27	-2.09	4.04
-2.51	-0.08	-4.60
-12.27	-1089.84	-1.79
-1.03	1.13	2.92
-3.18	1.29	-1.17
1.40	-3.25	0.08
0.01	3.56	1.53
-0.14	1.22	-1.89
2.75	-4.99	4.65
-2.51	-3.52	0.94
1.20	-5.30	2.64
4.00	-5.32	2.42
3.14	3.88	-6.19
1.87	7.38	-3.92
0.73	2.22	-1030.48
-1.38	-3.85	3.01
-0.13	0.35	-1.38
-1.19	-3.00	1.51
1.09	2.73	-2.60
3.03	4.12	-0.97
1.30	3.40	-3.28
-6.71	-997.16	-1.78
0.63	2.39	-2.90
-1.34	-5.66	6.52
-1.68	-1.17	0.41
0.79	3.87	-3.10
1.32	1.20	1.56
-1.24	4.70	-1019.71
-0.18	-4.91	4.62
1.23	-3.44	2.66
-4.14	-2.81	4.91
0.59	-926.26	0.96
8.05	2.24	-3.24
10.62	-2.83	1.96
1.16	-969.34	2.17
-2.10	-0.39	-0.69
-0.45	0.06	-1.04
-1.22	0.41	-6.90
-0.82	1.95	3.08
1.00	0.36	-0.46
0.89	6.37	-5.60
1.41	0.07	-0.14
0.68	1.23	-1.85
-1.35	-1.57	1.71
1.19	-942.21	-0.86
0.38	-6.33	5.05
1.32	2.42	-1.87
-1.38	-5.64	3.14
-1.67	2.10	-0.58
-9.67	7.14	-3.23
0.36	-2.62	5.53
2.18	1.28	-1055.52
-0.38	4.27	0.87
-1.11	-947.74	2.29
-1.59	4.03	-1.58
1.90	-3.43	0.87
-2.45	-0.34	2.33
1.03	-4.50	6.83
0.33	-917.53	2.09
1.59	4.49	-5.52
-3.08	3.35	-0.25
-2.86	-3.72	1.40
1.73	-0.84	-1.84
-3.58	-2.53	0.47
-1.79	0.53	-2.09
-1.63	-1042.69	-2.36
1.36	0.74	0.36
2.12	6.02	-2.06
-1.63	0.09	-1089.36
0.07	3.84	0.85
2.66	3.75	-3.68
-0.03	3.30	-1.33
2.73	-0.75	4.12
-9.41	0.72	1.96
-0.73	0.08	-0.57
1.21	-0.98	3.68
8.69	4.13	-2.25
0.32	-1.87	0.09
3.02	-3.53	0.63
-0.70	-3.80	3.60
3.01	1.30	-911.85
4.52	1.53	-2.86
-0.93	-0.58	0.49
1.49	-5.41	0.70
0.09	-1.91	6.42
-1.92	-1.65	2.57
4.04	-0.78	3.01
-11.70	6.04	-3.10
8.08	-1017.15	2.34
-2.63	-3.27	-1026.35
-1.39	1.27	-969.04
-10.93	2.12	2.45
-0.48	-1.77	1.46
3.36	-4.78	7.22
-11.61	1.48	1.39
-2.72	1.31	-2.43
-1.65	0.58	-2.83
2.80	3.41	-0.94
0.66	5.57	-7.34
-3.13	-1.30	-7.21
-3.54	-2.02	0.10
-2.98	-1.82	-0.10
-0.89	1.24	0.69
0.58	2.21	-5.98
3.71	0.55	0.79
-4.56	-3.22	3.74
0.90	-2.15	-2.22
-0.81	1.07	-4.48
1.20	-2.66	1.75
0.07	0.47	1.64
-0.93	5.04	-1083.49
-1.66	1.85	-2.19
-0.02	0.08	7.15
4.31	1.93	-1.77
0.41	-4.49	1.11
1.22	1.65	-2.11
-1.18	-2.40	3.37
0.56	-6.52	4.02
0.04	-3.70	-960.44
-15.44	3.68	-7.94
0.72	-4.13	1.82
-1.79	-6.53	-5.45
-11.18	2.11	2.02
0.23	-4.75	4.68
1.03	4.06	-0.40
2.47	-2.85	1.50
1.22	0.95	1.82
-3.49	3.54	-0.70
2.49	0.12	1.48
1.41	-1.88	3.52
-2.01	1.01	-1.55
-9.57	-4.24	2.06
3.20	3.00	-2.28
-1.00	-1.39	5.38
3.57	-1.03	2.66
0.47	0.20	2.32
-1.81	-1028.45	3.34
-4.23	-2.43	1.63
0.73	-0.06	-2.07
-0.70	4.69	-3.96
-4.58	4.35	-0.90
-0.43	0.62	-0.56
-3.42	-916.56	4.99
-2.28	-1.06	4.97
-1.58	-1070.59	-3.83
0.75	3.08	-2.94
1.41	4.74	-4.92
23.02	-1.31	-3.82
2.12	2.02	-2.80
-8.59	4.44	-942.63
2.57	4.99	-5.69
0.89	-2.56	-0.59
0.95	-1.21	1.22
-0.17	-6.45	-5.42
-3.12	-2.69	6.91
-1.67	-3.36	-0.21
2.16	0.91	-1.77
2.92	1.00	-1.47
-1.68	3.95	0.40
-2.94	4.32	-1.53
-6.33	-925.40	5.91
3.47	0.57	0.78
-4.68	2.61	0.77
-8.65	0.76	0.23
2.60	0.09	3.60
-1.36	2.37	-5.00
2.07	2.16	-0.29
0.70	-1.54	-0.74
6.98	-1.02	0.25
-6.86	-3.78	0.59
1.00	-6.50	0.31
4.82	1.13	-3.40
-10.89	-3.69	5.75
-8.46	1.78	0.92
-1.86	2.34	-4.59
-1.43	-5.24	2.92
-0.12	1.67	-2.11
-0.48	2.23	-1.25
1.72	-0.35	-2.33
-4.29	-1068.19	-1.67
1.13	-7.43	5.38
-0.84	-2.73	4.09
7.11	-1.89	-0.19
3.86	0.29	0.52
1.16	0.42	-1.02
-0.05	-2.91	-1.00
-4.56	-1035.69	2.31
4.80	-1.74	3.05
1.41	-0.50	2.38
0.18	-3.00	1.61
23.87	1.49	2.05
-6.92	1.66	0.75
-12.43	-2.73	6.42
-4.90	3.98	-1.93
-1.01	-0.12	2.31
2.68	-0.45	-1.94
1.67	5.19	-7.63
0.60	2.01	-0.87
1.40	-4.00	3.64
-0.05	4.49	-4.20
1.62	1.24	-3.38
-0.59	4.82	-6.27
-4.02	-2.64	-3.21
-10.90	-0.14	-6.68
3.06	1.10	-4.10
4.09	3.12	-7.11
0.11	0.49	3.78
-1.24	4.49	-1.32
-0.25	-0.10	-1.52
1.13	6.56	-0.52
-1.14	1.27	0.79
-1.24	-1.80	-1.21
-0.01	6.46	5.44
-1.89	-922.82	2.96
0.79	5.47	-2.66
7.11	4.08	2.14
-1.87	2.23	0.10
0.98	3.19	2.80
-1.78	-1.06	-1.90
1.73	-0.50	0.17
-11.78	-1008.91	-2.37
-0.44	-963.05	3.59
0.27	-0.50	-1.27
-11.54	-1.41	0.50
4.09	-1.18	-926.73
-0.79	1.51	-5.17
-1.59	5.43	-1.37
4.06	-0.51	-8.03
0.87	0.56	-1091.73
1.60	3.07	-971.26
-0.57	-4.59	-1031.81
-0.77	0.01	-0.60
3.49	-1.51	-0.71
0.71	-0.11	5.98
3.17	-0.85	0.57
3.29	-1.54	-0.92
-3.39	0.90	-3.62
1.34	-2.37	-963.72
-0.12	-1.14	1.82
-2.82	-1.98	0.49
4.97	-5.46	-973.52
-3.71	-3.07	4.30
3.88	4.53	-0.06
2.44	0.58	3.29
4.23	1.22	-2.71
-8.17	-4.77	4.94
-1.34	4.37	-3.46
-0.61	-4.57	4.83
-1.26	-5.72	6.71
12.98	-3.27	2.65
-1.05	0.36	1.43
-6.81	-3.17	-3.36
0.30	-1.71	3.16
2.35	-2.57	0.33
0.56	0.48	-3.55
0.12	-1.74	1.49
-0.10	-1.86	-1075.16
2.03	-5.45	7.26
2.07	-0.01	4.17
-1.00	1.69	-0.87
1.26	-1.18	2.42
3.37	-1053.02	3.61
4.58	-4.73	3.38
-3.75	3.16	-1.47
-0.54	-3.58	3.29
-2.11	3.68	-928.73
-0.70	0.17	-2.26
-2.37	-7.26	2.47
3.16	-0.64	-0.67
0.63	-982.62	-3.23
1.88	1.74	-1016.80
5.61	0.87	-2.73
0.17	-2.55	-1.69
1.54	1.55	-1.56
2.96	-2.56	1.33
0.06	-1.74	1.35
1.71	-1.59	-0.77
3.42	-0.41	-0.52
3.65	-1.81	0.18
4.55	-0.38	-1.38
2.74	-5.17	5.57
2.06	0.20	-1.32
5.91	5.86	-0.76
2.56	-1.93	4.27
1.99	-1.41	3.34
0.25	2.15	-2.30
-5.52	1.56	2.55
-12.34	-2.56	-0.18
5.26	-2.94	0.33
-0.30	5.12	-5.00
1.28	-0.77	-1.29
0.87	-0.38	0.10
0.39	-3.47	0.55
-0.83	-0.20	0.11
-1.60	-1.51	-2.41
-2.73	4.59	-0.92
0.86	-2.36	-1.77
2.18	2.76	-1.47
1.28	-4.43	1.78
2.34	0.63	-1.86
2.07	0.05	0.57
-12.32	-0.87	1.75
0.70	0.76	-0.39
-8.19	2.07	-0.92
-0.29	-5.11	3.85
-2.96	6.77	-4.12
1.29	-5.90	3.34
-16.78	-0.79	1.03
-0.27	-2.78	0.10
3.70	4.68	-2.34
0.81	6.63	-7.97
2.47	0.09	1.94
-0.09	-4.66	-0.54
-7.13	0.79	-2.72
2.82	-2.82	2.89
4.43	3.72	2.01
-0.43	2.36	-2.75
3.87	-4.92	6.20
-0.16	-0.06	0.80
-0.52	-1050.30	6.17
-0.42	-8.09	4.49
-1.02	48.67	-802.00
-0.47	-5.56	1.51
0.84	1.08	0.41
0.31	-0.08	8.06
2.24	-5.23	-1.75
2.12	3.55	-6.29
0.02	1.58	-3.57
2.40	-2.72	5.40
-2.95	-3.12	6.29
-1.65	-1.84	-4.81
-0.36	-0.05	0.28
-9.08	-0.04	2.25
2.20	-1.26	-0.28
0.05	0.40	-4.49
-1.78	-0.58	0.56
1.76	-0.37	-2.31
1.46	-1.40	1.50
4.07	-3.66	2.29
-2.45	-3.64	-1079.62
0.01	2.70	3.11
0.94	-7.45	6.30
2.42	-1.02	-0.10
1.30	1.36	-0.36
2.69	-0.42	-4.49
0.00	-0.32	3.83
-0.94	0.49	0.69
2.14	-0.91	4.61
-0.85	-3.25	-4.05
-0.38	1.42	-2.44
-2.26	6.26	7.89
0.60	-0.65	1.09
-2.67	-4.89	1.90
1.61	5.41	-1.67
7.74	2.50	-2.68
-2.94	-972.06	-2.06
0.46	-921.65	-2.28
-1.39	-2.07	1.18
1.47	-1.90	1.70
1.90	0.72	-2.51
-1.74	-1045.39	4.18
-1.81	4.21	-4.26
1.55	-0.10	1.20
-1.41	0.17	-0.02
0.69	-0.72	5.69
0.71	1.00	-0.90
0.76	-1.22	-1.20
4.78	-1.86	-1072.45
2.70	-996.51	-4.16
1.10	2.79	-3.16
0.46	0.89	-0.24
1.52	4.21	-4.08
-3.84	2.25	-6.98
0.65	4.26	0.92
1.50	6.21	-3.19
-4.42	-1.34	2.66
1.87	-1051.11	-3.09
-6.17	-0.91	-0.70
-10.07	0.22	4.03
-0.11	37.33	93.65
-2.19	0.80	-2.16
2.39	-3.65	2.09
-3.37	3.55	1.42
-6.85	7.14	-6.58
-3.07	4.43	-1.05
1.35	-0.61	-2.54
0.63	-4.22	2.48
-1.73	0.11	0.28
1.72	-4.90	7.64
2.27	2.18	0.06
-3.18	-922.04	-2.54
4.13	-1.67	-3.63
-0.23	-0.91	0.87
0.77	4.20	-3.49
1.49	-0.74	-1.32
1.22	0.25	-0.69
-1.78	-4.51	4.03
-0.38	-0.30	-1.94
1.88	-5.55	-0.97
-2.79	-1.02	0.58
-1.42	-6.58	4.39
-8.60	7.52	2.44
1.18	0.78	0.06
0.39	-0.97	3.70
0.29	-2.02	-1.34
2.09	-2.38	2.65
-0.06	-1034.55	-0.81
-1.06	0.93	-1.80
0.29	2.45	-964.12
-0.48	2.36	-7.02
4.12	-2.20	-987.13
1.35	2.50	-0.52
-2.81	-4.40	1.05
2.52	0.70	1.38
0.03	3.80	-1.47
1.60	2.67	3.32
0.58	-6.10	0.98
-0.90	0.60	-0.61
0.20	2.39	-1.35
1.31	2.62	-0.39
1.03	0.09	-0.01
-1.29	-3.33	2.92
0.55	1.05	0.78
-4.29	0.27	-2.29
0.52	-4.64	15.44
0.41	-3.51	-1034.76
3.15	-4.35	-1002.45
1.71	0.54	-1.57
2.91	-1077.22	4.74
5.30	0.89	-1023.58
3.32	0.60	1.66
-0.51	-3.54	2.88
6.22	0.23	1.19
2.37	6.12	-6.00
0.88	-0.05	2.64
1.61	-4.56	0.59
2.16	-3.87	2.44
-2.83	1.94	-2.03
2.89	-3.81	5.90
-1.57	-2.82	0.84
-1.95	-2.19	2.07
-2.46	-968.55	0.19
-1.56	1.25	2.37
0.34	-0.20	-4.76
2.34	-2.18	1.29
-0.39	-0.21	-0.40
1.80	6.01	-3.03
3.12	-2.20	1.92
-3.69	0.76	0.38
2.98	-4.02	-0.59
0.02	4.02	-3.70
-4.31	-963.28	1.68
4.06	2.93	-4.12
0.69	1.30	-5.19
2.83	1.43	1.04
-0.49	-0.35	0.21
0.10	-2.58	1.92
-0.76	1.59	-3.73
0.18	0.19	-0.14
-1.66	1.66	-4.32
0.16	-1051.16	-1.91
2.64	-0.34	0.10
1.50	3.96	-6.89
2.25	-1.71	-2.06
-4.83	1.27	1.91
1.17	6.19	-2.13
2.17	-1.09	-0.52
3.90	0.39	0.68
-0.85	2.79	3.57
0.24	-7.18	-1.85
-11.52	-937.06	3.43
2.71	-3.13	-1022.05
2.97	0.82	-0.09
-2.50	-0.45	-1036.26
-1.10	-2.10	0.41
-3.50	0.09	1.15
0.13	-2.06	-0.86
0.38	-0.14	5.56
0.61	-2.04	2.73
2.17	-2.30	-2.23
6.36	-0.41	3.40
-40.38	0.40	9.22
-3.63	4.18	-6.16
0.60	0.58	2.01
1.67	-3.16	0.27
0.16	3.60	-1.05
1.98	1.06	-3.23
-1.66	0.17	0.43
-0.76	-0.56	0.09
0.79	-3.76	3.72
0.50	-1.42	3.55
2.52	0.02	-1.85
1.04	0.98	-4.25
2.04	-968.57	2.31
-2.08	-2.30	-0.70
-2.58	1.93	-3.02
1.99	1.21	-2.26
-0.55	-3.56	-1049.12
-9.45	0.89	-0.12
3.12	2.21	-4.09
-0.64	-1.13	-0.23
-7.80	-6.09	3.34
-4.46	8.08	2.67
-0.19	-1.60	1.12
0.99	-1.59	-0.79
3.95	5.53	-3.56
4.05	-3.21	5.95
-4.88	-2.61	6.70
2.03	4.73	1.79
-2.67	-3.41	4.57
7.83	-1.41	1.46
-11.01	2.50	1.66
-1.40	-954.99	0.90
1.06	-5.16	4.63
-7.14	3.09	-2.10
1.10	-1020.46	0.54
-0.92	-2.73	-0.82
2.42	2.55	-3.04
-3.73	-3.65	2.89
3.70	-1.81	-2.12
-0.99	5.72	-5.48
4.05	5.03	-3.19
-2.02	5.56	-2.22
0.61	-2.39	0.09
-4.24	3.01	-1.86
1.34	0.50	-985.21
0.73	-2.82	0.89
-0.43	-1.42	6.09
3.57	-4.03	-1030.54
-3.51	-2.82	-3.09
1.87	-0.55	4.57
-1.00	3.33	-2.66
3.32	2.01	-2.82
-2.35	-6.81	4.31
-1.20	0.22	0.77
1.33	-0.05	5.20
3.68	-0.95	-1.07
23.66	33.05	103.52
2.22	1.13	1.82
-12.09	-1.83	2.55
1.27	7.43	-0.70
0.58	-2.77	6.53
2.45	4.26	-6.40
4.27	-1.14	-2.09
1.50	-0.89	1.45
0.50	1.38	-1.30
-0.79	-0.12	0.95
-4.00	3.94	-3.84
0.49	-1.90	-0.37
2.97	-4.37	0.92
-3.84	-5.73	2.14
-1.42	2.10	-2.16
2.37	-3.82	2.27
1.42	6.14	-4.21
4.48	2.97	1.94
0.37	3.36	-2.75
-2.71	-2.89	-969.75
-0.23	-1.21	-7.74
2.74	-0.39	-0.69
1.68	4.08	-5.16
-4.28	-2.72	2.37
-3.32	-0.41	4.72
-10.86	0.76	0.35
3.12	1.81	-0.36
3.54	-5.08	0.99
2.07	-1.79	-0.84
0.72	0.87	3.41
2.70	-0.92	-0.29
-2.00	-2.19	-1.35
3.25	4.37	-984.35
4.17	-2.51	1.24
4.29	0.16	-0.59
-0.99	0.28	-1.00
-1.46	-2.51	6.14
2.19	3.55	8.36
-1.05	-1.70	-946.60
0.93	-1.61	0.38
2.64	3.07	-3.37
0.45	-0.05	3.26
-1.29	-0.82	0.46
3.70	-0.98	-1.62
-10.10	-1.59	2.02
-1.31	5.69	-5.52
1.72	-0.63	-0.41
1.34	-6.70	5.41
2.47	2.36	-1066.81
-0.94	-6.74	-0.12
-6.96	-0.46	-6.67
-0.16	-5.54	3.64
2.83	-1.41	1.71
2.65	0.46	2.22
0.39	0.59	-4.94
2.71	2.91	-1033.41
-0.92	0.87	-5.03
0.82	3.44	-1.72
0.92	-1085.40	3.25
-3.32	-3.67	2.45
2.22	3.49	-1.46
-0.29	5.02	-0.36
-2.84	3.86	-6.14
1.30	-0.59	2.13
3.25	-2.54	2.15
-0.58	-0.50	-2.12
-4.48	1.71	-3.44
0.35	2.50	-3.62
1.32	2.26	-4.30
2.18	-1.39	0.97
-0.22	-2.28	1.43
-7.34	-0.12	-3.18
-0.24	2.81	-0.76
-1.75	-4.96	7.12
-3.64	-3.37	4.37
-2.41	-0.48	-2.82
-1.18	2.26	0.15
2.48	4.06	-920.51
-0.15	-0.58	-0.86
-2.38	-5.53	4.73
2.12	-1.50	8.37
-1.23	0.34	-2.35
-0.60	-3.46	5.98
1.20	-1.45	0.36
1.80	1.33	-5.76
-2.40	-6.08	2.44
-8.80	-1.72	5.20
0.31	-933.81	0.17
2.87	1.00	-1.44
-1.82	3.77	-2.02
2.15	-1.45	4.33
-0.28	1.60	2.41
2.74	1.32	-4.57
-11.76	-1.98	-1010.94
0.06	1.37	0.45
-3.30	-5.09	5.45
-2.67	0.31	-0.44
0.68	7.23	-4.03
3.65	-3.39	-0.16
24.87	0.37	2.52
-0.63	0.89	-0.19
-1.17	2.29	-1.55
-0.75	1.15	-0.58
-4.50	2.35	-5.88
-0.37	-3.07	-1056.41
-4.51	0.73	1.42
-11.75	0.25	0.23
-0.03	-1.34	2.03
16.43	-1.78	0.94
-4.30	-1071.18	-2.59
1.02	0.59	-1.46
0.25	1.80	-2.82
-0.60	5.13	-2.49
-1.64	-1.41	0.80
3.77	-1.54	5.67
-7.54	2.65	-1.11
0.58	10.66	1.68
2.73	-5.89	4.14
-0.92	-0.10	-3.24
0.82	0.28	2.24
-2.03	1.89	0.06
-10.54	4.72	-6.97
-11.03	-3.22	1.30
0.92	-2.56	1.37
-2.30	4.77	-3.36
1.48	2.53	-5.22
-1.27	2.03	-2.84
-0.10	-4.03	5.54
-5.25	-3.05	0.45
0.80	5.62	-1.00
0.36	1.49	-0.75
4.73	-1.77	-0.22
0.97	2.29	-1005.42
-1.83	1.09	3.13
3.65	-0.89	4.11
1.44	2.39	-3.28
1.32	4.87	-3.90
-2.17	-1.32	1.43
0.71	-2.50	5.01
-6.95	-3.34	2.62
0.73	5.24	-2.82
2.27	1.65	-0.08
-0.82	5.45	-7.99
-3.22	-0.47	-0.01
3.78	-907.41	-3.03
2.58	-2.82	-0.29
3.33	3.82	-0.98
-2.37	-0.51	5.04
-14.26	2.29	-2.23
-0.86	-4.29	1.14
-12.62	-2.46	2.63
-1.71	-3.16	3.22
1.35	2.01	-3.42
-0.70	-7.60	1.56
-0.08	1.91	0.37
2.84	0.24	-1043.21
-1.86	0.44	0.03
-1.69	6.07	-3.20
-0.31	3.34	-7.13
1.46	-0.38	-1077.27
0.83	3.11	0.91
0.01	-5.01	2.71
-0.14	2.69	0.80
0.83	-1.73	-1.79
-0.25	-7.10	4.62
3.95	0.88	-1.40
1.06	-926.58	-4.49
1.13	-3.91	4.28
2.93	2.12	-2.52
-2.72	-7.45	5.42
-1.41	-2.73	-1088.65
1.38	0.33	-1.17
0.25	1.21	-2.43
1.73	0.88	0.99
3.89	4.69	-4.72
-11.12	0.15	-2.46
3.54	-4.62	7.52
-0.27	-2.41	0.29
0.15	-0.53	5.33
-2.99	1.37	-0.09
1.18	-5.23	4.52
-1.35	3.19	5.13
-2.67	1.16	-1.65
0.14	-2.91	4.60
-11.34	-1.77	3.97
-4.80	-2.36	-1057.57
-2.33	-916.11	-0.01
1.71	-6.77	8.31
-5.55	-3.93	-5.06
3.19	6.41	1.93
-1.99	1.76	-1011.20
3.12	1.84	-2.26
1.78	-1.08	-0.38
0.20	2.23	-0.86
-5.65	3.03	1.28
2.61	-1.13	-2.25
-10.05	-2.92	4.81
0.93	6.63	-5.54
-7.92	-1029.76	3.05
-1.42	2.24	-1031.78
-1.50	4.70	-3.32
2.38	-2.31	2.47
3.77	-1.66	2.68
-1.12	2.31	-4.06
2.58	1.86	1.97
-0.04	6.80	-5.31
2.10	-2.36	6.37
0.31	-4.55	2.77
1.81	-1.02	1.14
2.74	-2.28	2.81
-5.87	-6.71	5.14
0.03	-4.82	1.34
3.45	3.92	-3.60
0.97	3.75	2.64
4.37	-1008.86	4.94
0.10	1.55	-3.61
-0.91	0.54	-5.74
2.63	-958.37	6.39
7.72	0.08	-947.12
1.68	-974.12	-0.90
-0.49	-0.57	3.03
-0.09	1.90	0.41
2.37	0.41	-2.65
-1.56	-1020.32	1.32
-2.72	4.28	-0.68
0.53	2.06	-4.13
4.49	1.18	-3.14
-1.99	-2.94	5.26
0.87	-1.89	3.55
1.72	-7.25	0.54
-2.22	6.28	-3.51
5.34	-5.70	5.27
-7.27	0.90	-4.37
3.61	-1.18	1.00
-2.40	1.44	-0.54
0.57	-1.57	-3.69
0.08	0.27	-1056.52
-1.86	-1.14	-1.50
-0.76	-0.50	1.51
-1.33	-1.85	0.32
0.17	2.90	-1.89
2.69	-0.78	3.75
-1.80	-5.33	3.29
0.55	0.19	-0.85
0.76	2.12	-3.07
0.52	0.03	-1.14
1.74	-0.16	6.73
-12.68	2.59	-1.79
7.94	-3.24	1.40
2.12	-4.07	-2.34
2.21	3.88	-2.21
1.05	2.40	-0.17
6.71	-3.74	1.21
-4.61	-2.39	1.88
-0.31	-1018.88	0.33
1.80	-0.91	1.59
4.07	-6.23	0.22
3.65	4.53	-3.40
2.46	1.85	-4.40
-3.52	5.42	4.38
1.62	0.25	3.44
0.21	-4.24	2.27
-4.83	-2.85	-1019.47
-12.00	-0.29	-0.74
-11.48	1.12	-4.58
0.09	-1017.20	3.72
3.29	-5.09	3.08
2.95	3.51	-2.03
1.16	-1.49	0.29
2.66	-5.82	3.58
0.87	2.31	0.87
0.23	-4.80	4.79
-0.08	-3.12	3.01
2.11	6.04	-934.05
1.75	1.28	0.74
0.99	3.97	5.36
-0.42	4.55	-3.15
2.10	1.22	1.92
3.83	2.61	-2.08
-0.40	-2.01	1.55
1.50	-3.53	5.58
-0.40	0.34	-0.25
7.86	-3.41	1.29
-0.04	-0.48	-0.87
3.48	-2.18	3.56
0.33	-2.77	2.35
-1.03	-0.39	24.04
-2.05	-1.82	3.54
0.57	5.87	-0.58
4.56	1.29	-6.87
4.98	-6.09	-6.90
0.28	0.67	-2.21
2.41	-2.04	0.14
-2.25	5.99	-4.04
-1.29	-0.70	0.72
-5.23	2.17	-4.52
2.70	1.68	-3.80
3.12	2.55	0.67
1.35	-0.30	3.11
0.40	-1.35	0.30
0.42	2.04	3.78
0.96	3.80	-0.74
0.90	-2.11	0.15
-0.68	0.32	2.89
-2.06	-0.67	0.81
0.86	-1055.59	3.63
1.15	-0.29	3.48
1.23	-1186.13	-54.70
-1.52	1.09	-1.56
0.14	-0.47	6.80
-9.90	-0.15	1.19
1.16	1.25	-0.40
0.33	-5.59	6.56
2.31	2.46	-1.66
2.48	-1.82	2.97
-2.33	-4.46	4.47
0.95	-4.23	-1.38
-0.53	2.41	-964.55
2.96	-0.64	7.03
3.07	2.27	1.88
-0.13	3.46	-3.91
0.87	0.53	-5.79
2.00	-1.81	-0.62
1.39	-3.39	1.16
3.11	-3.21	2.40
-2.39	0.50	-1.54
-1.08	1.98	-3.14
-0.24	-2.96	1.90
-0.35	2.75	1.22
0.81	0.95	0.17
-0.55	-968.33	-4.66
0.90	-3.37	5.32
3.21	-2.69	-0.27
3.04	1.89	-4.13
-0.69	-1.61	1.47
-3.53	-4.10	4.54
-3.15	-2.27	3.40
3.17	2.97	-6.97
-0.13	1.13	1.37
-0.77	-1079.15	-2.23
3.78	6.09	-5.65
1.96	-4.52	-996.30
1.41	3.46	-0.21
0.34	0.15	2.12
-2.37	-1019.92	-4.31
0.60	5.84	-1.19
-0.03	1.82	-2.73
-0.20	-6.78	5.85
3.36	2.23	-1.69
4.53	0.07	-2.51
-8.76	0.45	-1.60
3.36	-5.83	5.75
0.37	-0.63	-1.04
3.00	-1.33	2.43
-4.05	-6.37	2.30
4.54	-1042.31	0.84
-3.10	-0.45	0.41
1.14	0.62	-0.26
2.94	-1.33	-3.64
-10.70	-3.13	5.33
-0.12	-2.05	4.00
-1.63	-1.12	1.10
-2.19	0.73	5.94
-0.41	-1.39	0.96
1.18	-2.81	-1.96
-0.64	0.75	-1.64
-2.22	4.52	-5.96
3.80	1.43	-5.77
-0.54	-1.20	0.51
2.91	1.57	-1.64
-2.97	4.06	7.17
2.71	1.00	0.18
1.08	-1.68	2.98
-0.38	-3.58	-1.47
3.98	-5.85	5.52
-0.94	-906.49	-4.91
4.35	1.96	-993.86
-1.45	-2.56	0.34
0.09	-0.79	-2.32
-2.31	-4.73	3.82
0.15	2.25	-1.47
25.97	-0.31	1.68
0.94	-1.24	-2.05
-2.61	0.97	-1.29
0.45	1.33	-2.89
2.18	-1.61	-1.80
-2.40	5.36	-5.44
1.94	6.97	-7.12
0.03	-3.76	-0.36
-0.36	-1.68	-0.97
6.95	2.39	-3.14
0.16	5.16	-1.51
2.50	-3.86	5.53
1.98	4.63	-3.08
-0.06	-0.93	-0.88
4.26	-0.33	-0.54
2.16	-4.78	4.49
3.16	-6.66	3.38
-0.98	-1011.68	-3.01
0.16	-3.05	4.62
-2.77	-4.45	2.99
1.98	-0.94	3.29
-1.53	0.16	0.69
0.02	0.88	1.60
1.49	1.28	2.96
-8.76	0.45	2.30
1.17	1.24	-1.56
3.41	4.66	-4.67
1.76	-1.24	0.40
4.04	-925.33	-1.64
-1.82	6.06	-1.10
-0.67	1.88	-1.80
1.38	-3.06	1.21
-4.62	0.72	0.95
-0.52	-1.45	1.73
1.76	-0.97	0.17
1.09	1.00	1.85
0.25	-1.15	2.34
-2.05	-4.50	-0.32
1.03	-1.69	3.38
-4.20	-5.03	1.58
-0.09	2.87	-4.07
-0.88	-0.96	-0.21
-8.78	-1.91	3.74
-1.41	-2.93	-0.27
-1.45	0.22	0.56
1.94	3.99	-1.48
-3.61	1.18	0.62
3.35	-2.61	1.24
1.46	-0.81	-1.36
-2.43	0.19	2.57
1.14	-4.75	4.69
-1.36	-2.49	3.29
2.69	-2.69	1.01
2.19	-1.30	-2.64
3.01	-3.05	2.69
2.67	-5.45	4.48
1.86	4.37	2.26
3.72	1.88	-5.16
-2.09	-4.13	2.45
-0.27	1.90	0.90
-3.80	-4.96	-2.30
2.97	-4.26	3.40
-0.89	-1084.59	2.25
-0.29	0.11	-957.37
2.67	0.23	0.60
-1.92	-3.06	5.39
-10.20	-3.37	13.17
0.35	3.15	-5.61
2.82	1.47	-0.44
1.21	1.74	0.36
3.48	-1.02	1.50
3.71	-5.05	5.18
0.22	-2.30	-1.21
3.09	8.46	-3.42
1.43	0.45	2.39
14.96	0.05	-2.68
-4.57	7.25	-4.07
3.41	-2.95	-2.21
0.17	-4.99	3.66
-10.25	-1.99	2.78
3.82	-1.61	-980.08
0.98	-0.24	0.07
-2.51	-3.62	1.96
-0.35	-2.52	3.98
-1.28	0.01	-1.64
-11.61	2.09	0.82
-2.11	1.21	-2.14
2.71	-5.11	3.21
3.87	-3.68	4.03
1.74	-3.13	3.32
-0.50	-3.91	-0.70
-0.10	2.71	-7.93
0.75	-3.96	5.00
-2.93	-1.74	1.04
18.73	-1.69	-0.26
2.79	-3.24	1.08
-0.32	3.43	1.22
-0.98	-2.20	1.78
-12.17	1.57	-1.54
0.02	1.65	2.02
1.76	-1042.99	2.31
-3.34	-0.75	3.28
2.72	-1.77	2.25
-1.16	-5.46	3.00
2.38	4.14	-1065.93
-1.89	-2.24	3.84
0.34	-3.59	2.14
-2.70	0.70	-7.55
2.90	-1.30	2.95
2.36	-1.83	2.69
9.20	-3.70	1.53
0.82	-1.30	-2.00
0.27	5.26	-6.45
1.06	-4.53	0.02
0.47	-0.21	-4.31
2.97	-7.43	3.30
1.38	-1.34	1.45
-0.46	-2.44	0.64
-6.22	1.17	-0.67
-0.34	-0.32	0.93
-0.84	-4.45	3.62
0.02	-6.62	4.36
0.92	1.51	-2.26
2.48	-0.10	-947.45
-8.51	-0.26	-0.12
0.47	-0.48	4.10
-1.90	-5.41	2.61
3.34	13.40	-4.51
3.14	0.04	-1.59
-0.25	-0.09	-0.42
-3.41	-3.43	-1135.84
1.86	-0.89	-2.17
3.59	-0.47	-1.87
-7.12	2.58	-1.97
-4.65	-1.57	4.79
0.22	2.00	-7.19
3.65	-943.52	-5.24
1.01	-0.16	-1.20
3.67	5.46	-3.93
3.41	1.62	1.79
3.76	-2.16	1.81
-10.15	0.42	3.26
1.26	1.77	3.28
1.31	6.34	-6.17
-1.94	-0.21	3.11
1.23	1.82	0.00
1.36	-3.46	4.83
-2.44	2.66	-1.03
2.02	1.48	-6.11
-17.97	-2.05	3.39
0.37	-4.70	3.24
2.82	-3.58	0.20
-4.25	-2.05	-1.25
2.33	2.38	-1022.09
-4.71	-4.54	5.55
-3.87	-2.09	4.63
3.79	-3.98	2.99
2.29	-5.80	6.23
0.65	-1.08	-1019.68
-0.63	-4.13	-1.60
11.05	-0.65	-995.84
0.59	0.39	4.07
4.06	0.59	-4.85
0.04	0.81	1.91
-0.13	3.74	-1.83
-7.10	-1.20	2.90
-2.45	3.38	-6.58
-0.64	-0.21	-1.81
3.06	0.20	1.27
0.28	2.77	35.45
1.76	0.54	-2.50
0.42	1.04	29.61
-8.88	2.88	-5.58
-3.87	29.86	90.52
-1.33	4.83	4.46
-8.38	-4.21	4.36
-5.45	-3.20	5.25
-0.10	4.62	0.86
10.66	0.31	2.07
2.66	0.12	-0.15
1.70	-1.74	0.64
3.02	2.72	-0.24
0.29	0.24	-1.15
-0.90	-2.04	4.96
2.47	1.48	0.41
-2.42	-3.06	6.47
-18.26	3.43	-2.68
1.77	-1.52	-0.74
-4.13	-1.50	-0.71
1.19	3.96	0.44
0.45	-5.13	1.68
-2.40	-1.45	-0.10
1.17	1.05	-3.69
1.37	1.24	0.97
0.76	0.30	-3.09
2.74	0.69	-1.36
3.50	1.46	-0.76
2.62	-2.09	3.34
2.33	-2.72	-2.98
-2.17	3.03	-2.90
2.32	0.90	0.84
-11.44	1.15	6.23
3.28	2.08	-1.14
6.44	0.46	3.05
