3994        0  10   9  160.866   1.67      0.00    2     0.00    1   -16.89    23.57    4.81   10.84    8.18   14.88    8.18   14.88   52   10    2.49   11    2    26.532  -141.944     1.6      291    -8.46     0.46  
3994        1   9   9  183.642   3.19      8.38    7     1.20    4   -28.02    -7.48  -11.90   -3.63   89.54    0.00  -11.90   -3.63  151    4    0.00   12   13    16.569     0.000     0.5     1953    10.48     0.01  
3994        2   6   6  267.749   0.56     11.10    6     1.85    5    -7.33   -28.06    9.51   -6.09   -7.94  -43.55   -7.94  -43.55  250    5    0.57    3   13    15.499   -35.119     1.3      936    29.33     2.98  
3994        3   6   7  238.645   0.45     64.63   19     3.40   16     3.46   -28.79   15.08    3.69   21.00    0.00   15.08    3.69  105    2    0.00    9    1    34.502     0.000    -5.2     7725    -0.57    -1.08  
3994        4   8   9  223.221   0.87     45.00    4    11.25    3   -23.08   -17.57    1.92    4.44   -4.38    0.00    1.92    4.44  101    1    0.00   10   13    33.301     0.000   -14.8      113   -14.81    -7.53  
3994        5   3   4   16.149   2.99     15.85    4     3.96    3    28.78     3.60   17.87    0.71   16.34    0.00   17.87    0.71  124    4    0.00   10    5    11.280    27.208     0.1       96    -5.37     0.54  
3994        6   3   3    2.761   0.98     19.44   16     1.22   13    27.88     7.96   -7.20    3.44   -6.55    6.30   -6.55    6.30   80    6    2.55   10    1    34.478   107.945    -3.0     4831    -1.77    -0.46  
3994        7   9   9  178.708   0.69    108.01   16     6.75   14   -28.22     6.67   -1.43    4.15  116.89    3.39  116.89    3.39  109   15    3.45    5    7   145.147     0.000    12.8     4084    14.66    16.29  
3994        8   9   9  178.826   0.82     26.31   17     1.55   16   -28.50     5.37    1.00    1.00  999.99  999.99    1.00    1.00  119    0    0.00    9   13    29.820     0.000    34.0       52    44.05    -1.00  
3994        9   3   3  353.325   0.80     13.51   10     1.35    9    28.43    -5.72    4.29   -3.14  -20.41   -0.00    4.29   -3.14  156    3    0.00    7   10    24.279   -15.204    24.9        5    -1.00    27.29  
3994       10  11  10  138.091   1.16     48.51   13     3.73   11   -15.89    24.26    0.14    7.50   11.13    0.00    0.14    7.50   83    4    0.00   13    2    23.191    33.220    -4.6     3429     6.34    -0.26  
3994       11  11  12  111.001   0.57     17.72    3     5.91    2   -24.90    14.87  -12.11  -10.81  -19.19   -0.00  -12.11  -10.81  186    2    0.00   12    2    28.683   151.273    -2.3       91    -5.04    -2.31  
3994       12   6   5  299.592   0.61     41.78   12     3.48   11   -11.64   -26.56  -14.21   -5.92  -25.81   -1.61  -25.81   -1.61  128    8    1.52    1   13    28.689   -22.784   -37.2     5604   -22.78   -35.80  
3994       13   9   8  210.655   0.91     26.66   17     1.57   15   -28.51     5.33   -1.37    3.05  -37.51    0.00   -1.37    3.05  118    1    0.00    7    8    27.233   -62.070    11.8     2737     5.41    15.42  
3994       15   6   6  261.102   0.50     40.64    9     4.52    8     2.87   -28.86    7.47   11.30    9.29   12.14    9.29   12.14   68    5   25.53    0    7    41.493   -25.859  1002.8     3017  1002.60  1003.33  
3994       17  11  10  113.219   1.97     60.20    6    10.03    5    -9.15    27.52   -5.06   15.04   -3.62   14.63   -3.62   14.63   48   10    1.70    9   13    14.027     0.000    -2.3     2380    -0.94     0.43  
3994       18   8   9  182.055   1.36      2.50   11     0.23   10   -25.06   -14.60   10.74   -9.32  381.77    0.00   10.74   -9.32  193    3    0.00    9    0    36.186     0.000     1.0       46    -1.00     4.00  
3994       19  12  12   91.235   1.22     25.66   13     1.97   12    10.34    27.09    8.25   -6.10   10.92    0.00    8.25   -6.10  157    3    0.00   10    3    33.257   180.314    -0.4     1052    10.53     2.04  
3994       20   8   7  234.735   0.69     97.15   21     4.63   20   -26.06   -12.73   -9.99    3.14  -17.05    0.00   -9.99    3.14   97    3    0.00   10    2    22.578     0.000     0.0      808     9.37     0.04  
3994       21   3   3    5.216   0.81      5.86    7     0.84    6    27.31    -9.76    1.72   -4.95  134.25    0.00    1.72   -4.95  155    4    0.00   14    0    26.041  -175.180    -1.3     1425    17.83    -2.65  
3994       22   4   4  324.703   1.17    102.96   14     7.35   11    21.11   -19.88    5.91   -8.10   10.27  -12.21   10.27  -12.21  193    8    1.41   13   13    13.287     0.000     0.3     2860     0.70    -0.37  
3994       24   2   1   64.268   0.32     47.81    8     5.98    7    27.90     7.90   14.52   -6.36   24.10    0.00   14.52   -6.36  177    2    0.00    0    9    19.554     0.000   995.5      147   994.57   995.02  
3994       25  11  11  110.106   2.45     16.99    5     3.40    4    -9.53    27.39   -3.57   16.02  -12.00   34.13  -12.00   34.13    0    7    1.54   10   10     7.176     0.000     2.9      115     2.03     2.03  
3994       26   9   9  160.590   1.11      8.63    7     1.23    6   -28.03    -7.44   11.77  -14.19  -204.59   54.77  -204.59   54.77   74    5    3.75   10    0   187.206     0.000    -0.9     3726    11.14     1.31  
3994       27   8   9  190.334   0.67     61.92   21     2.95   18   -27.41    -9.46    7.63    1.75   16.36   -1.48   16.36   -1.48  142    9    1.99   11   14    44.495     0.000     1.0     7556    20.16     1.15  
3994       28   5   4  321.106   1.08     19.22   10     1.92    9     8.86   -27.61   -8.07   -6.53  -25.36   -0.00   -8.07   -6.53  170    2    0.00    8   10    27.044  -117.195    -1.8     4565     7.54     0.52  
3994       29   1  12   76.043   0.29     60.05    8     7.51    7    18.06    22.69   12.61    6.00   10.21   -8.91   10.21   -8.91  176    6    1.54   13   10    32.560    16.198     0.2      150    12.92     0.55  
3994       31   2   2   24.442   2.83      2.38    5     0.48    3    27.59     8.93   12.48   -0.20   16.86    4.05   16.86    4.05  106    6    1.58   12    6    11.791     0.000     0.5      275    -0.42     0.18  
3994       32   6   6  269.816   0.50     22.65   11     2.06   10    -7.88   -27.91   -5.04   13.13   -7.79    0.00   -5.04   13.13   48    2    0.00    0    2    41.140     0.000   928.6      268   955.88   928.58  
3994       33   9   8  204.571   1.09     11.84   12     0.99   11   -27.08    10.38    3.97    5.08  -49.78    0.00    3.97    5.08  102    4    0.00    3    9    31.493   -43.839    -0.5     1050     9.99    -0.47  
3994       34   7   6  242.410   2.40     23.45   10     2.34    6   -14.53   -25.10   -5.91    1.92   -1.42    0.00   -5.91    1.92  117    1    0.00   13    5    28.360     0.000    -1.8     3759    13.08    -1.84  
3994       35   5   5  314.926   1.10      0.00    3     0.00    2    17.13   -23.40  -13.77    8.78  707.51  -715.57  707.51  -715.57  249    5    2.25    0    9   977.613   -75.651   934.1        0    -1.00   935.24  
3994       36   7   6  208.046   1.42     11.30    5     2.26    4    -1.41   -28.97    6.10  -12.90   52.96    0.00    6.10  -12.90  207    2    0.00    9    7    17.736    15.810    -4.7     1644    -5.35    -4.67  
3994       37   6   7  245.707   0.68    216.85   21    10.33   18     4.68   -28.62   13.77    6.10   17.60    0.00   13.77    6.10  105    2    0.00   13    1    35.885     0.000    -0.0    13140    10.17    -1.87  
3994       38   5   5  304.691   1.66      3.81    3     1.27    2    19.78   -21.21    1.00    1.00  999.99  999.99    1.00    1.00  119    0    0.00    4    7    29.084     0.000   -17.1       -6    -1.00    -1.00  
3994       39   3   4  326.129   0.85     36.47   10     3.65    7    28.66     4.42   11.10    8.66   35.25    0.00   11.10    8.66   86    4    0.00   12    1    18.068  -115.000    -1.0     1679    10.28     0.13  
3994       40   3   4  346.454   0.75     53.10   11     4.83    9    28.77    -3.68    4.28    3.60   13.51    0.00    4.28    3.60  102    3    0.00    0    0    25.540     0.000   943.5     3092   949.06   942.87  
3994       41   3   3  354.265   1.69     67.73    6    11.29    5    27.97     7.66    0.70    5.87   -1.92   10.66   -1.92   10.66   65   12    5.16    6    0    30.036   -35.989    -1.4     2333     1.30     1.30  
3994       42   8   7  242.437   0.31     60.07   11     5.46   10   -28.60    -4.79    1.00    1.00  999.99  999.99    1.00    1.00  119    0    0.00    5    2    30.163     0.000     0.8     3040    -0.41    -1.00  
3994       43   6   5  235.900   1.09      8.05    7     1.15    3     4.48   -28.65    1.00    1.00  999.99  999.99    1.00    1.00  119    0    0.00   13    1    29.856   212.960    -6.1     2799    -6.13    -1.00  
3994       44   7   7  259.245   1.95     68.42    9     7.60    7   -11.74   -26.52   -6.81   -7.94   -8.73  -10.68   -8.73  -10.68  187    5    2.10   10    0    16.124     0.000    -2.4     5230     1.74    -3.08  
3994       45  12  11  106.486   2.05     69.96   12     5.83   10     5.89    28.40    5.87    8.94   14.29    0.00    5.87    8.94   84    1    0.00   10    0    19.456    43.150    -3.3     1221     3.18    -3.30  
3994       46  10  10  149.469   0.70     17.19   18     0.95   17   -28.31     6.27    4.75   -2.53  -17.67   -0.00    4.75   -2.53  138    1    0.00   12    1    34.213   152.648     4.6     6467    10.94     4.57  
3994       47   3   3  352.307   0.66     44.01   13     3.39   12    28.87     2.75    0.87   -5.48   -1.51    6.86   -1.51    6.86   82    9    1.36   11    9    30.655  -132.266     0.1      186    -3.09    -0.82  
3994       48   8   8  193.943   1.15     39.45    9     4.38    8   -20.91   -20.09    5.24   -8.58   60.01    0.00    5.24   -8.58  174    3    0.00   10    4    28.572     0.000    -1.4      816     1.64    -0.18  
3994       49  11  10  113.197  475.82   1035.02   13    79.62   12     2.09    28.92    1.00    1.00  999.99  999.99    1.00    1.00  119    0    0.00   13    1    27.946    15.528     4.5     2275     7.47    -1.00  
3994       52   5   5  281.953   1.15     72.97   11     6.63   10    15.20   -24.70    7.32    7.53    6.66   15.68    6.66   15.68   37    6    3.75   11    1    41.270     0.000    -0.3       75    -1.00     1.56  
3994       53   2   2   24.757   1.07     46.78   16     2.92   13    27.45     9.36   -0.28    0.66   -2.10   -4.27   -2.10   -4.27  154    5    1.03   13   13    32.542   -63.613    -3.9     4357     6.78     0.10  
3994       54   5   5  294.073   0.91     31.74   16     1.98   15    17.74   -22.94   -0.74   17.95   -5.43   28.93   -5.43   28.93    1    6    5.91   13    0    56.814   -82.149    -1.9     5370    -0.49     2.51  
3994       56   5   5  302.866   1.34     28.16    8     3.52    7    20.97   -20.03    1.12    3.58    7.21    1.27    7.21    1.27  121    5    0.73    0   10    25.357  -175.455   943.7     1169   946.04   942.40  
3994       58   6   6  274.125   0.45     93.08   23     4.05   20    -2.58   -28.89   -2.85   15.56   -4.66   -0.00   -2.85   15.56   34    3    0.00   13    1    44.450    71.689     0.1     6442     3.29     2.87  
3994       59  10  11  138.715   1.13     61.12   15     4.07   12   -25.78    13.28   -5.14   -1.50   -8.54   -1.86   -8.54   -1.86  134    7    1.68   11    3    22.947     0.000    -2.6     4535     8.42     0.53  
3994       60   2   2   35.433   1.21     52.89   13     4.07   11    24.98    14.73    2.25   -0.24    4.27    0.00    2.25   -0.24  137    3    0.00   13    1    27.215   -90.904    -3.5     5601    10.76    -1.37  
3994       61   4   4  346.152   2.45     27.06    6     4.51    5    26.31   -12.19   13.83   -6.08  -23.15   -0.00   13.83   -6.08  159    4    0.00   10    2    13.900   -47.981    -0.1       81     4.40     0.99  
3994       62   1   1   57.163   1.58     28.96    9     3.22    8    19.19    21.74    6.06   -1.57    5.16    0.00    6.06   -1.57  138    4    0.00   10    0    26.758   -55.045    -0.8     1311     0.45    -1.22  
3994       63   7   7  222.637   2.22      8.30    7     1.19    5   -16.47   -23.87   -3.88   -7.10    9.45    0.00   -3.88   -7.10  171    4    0.00   11    0    20.969     0.000   -10.1      743     8.15   -10.05  
3994       64   7   7  234.967   0.71     37.13   16     2.32   15    -6.45   -28.27   13.96    7.02   13.38    0.00   13.96    7.02   87    2    0.00   10   14    40.771  -209.711     1.7     1811    18.85     1.29  
3994       65   5   6  284.146   1.24    102.44    9    11.38    8     9.55   -27.38    7.85  -12.49    0.31    9.27    0.31    9.27   83    5    1.89   12    0    37.804     0.000     1.9       37    -1.00     0.65  
3994       66  10  10  151.019   1.30     61.75   11     5.61   10   -18.95    21.95   -6.39   12.79  -11.91   18.05  -11.91   18.05   31    5    7.51    8   12     8.055     0.000    -5.1     7913     8.94    -2.87  
3994       67   5   5  291.661   1.84     12.89    8     1.61    7     8.92   -27.59    0.16   -4.66   -2.04   -0.00    0.16   -4.66  155    4    0.00   13    3    24.547    31.067    -1.1     2920    13.48     0.28  
3994       69   7   7  252.757   1.89     12.87    8     1.61    6   -12.39   -26.22  -12.42    2.91   -4.65   -1.27   -4.65   -1.27  135   12    3.21   13    2    26.127    28.501    -1.0     2109     1.35    -1.02  
3994       70   1   1   55.708   1.34     45.56   12     3.80   11    19.06    21.86    1.55   -1.83    4.15    0.00    1.55   -1.83  137    4    0.00   10   11    29.457   -60.135    -1.0     2431     2.62    -2.39  
3994       71   2   3    2.259   2.23      7.53    4     1.88    3    18.13    22.63    5.48   20.78  -555.69    0.00    5.48   20.78   23    3    0.00   12    1    12.790     0.000    -0.2       99    -0.23    -1.14  
3994       72  11  10  126.130   0.67    101.02   23     4.39   22    -7.61    27.98    8.77   10.32   -2.33   20.75   -2.33   20.75   21    8   35.05    5    0     8.951     0.000     5.1     2440     0.41     5.21  
3994       73   9   9  194.973   2.20     14.01    7     2.00    4   -28.50     5.38  -13.05    8.17  -48.62    0.00  -13.05    8.17   78    4    0.00   11    3    15.694   100.441     1.9      628    -1.12     0.55  
3994       74   2   2   29.019   1.24     42.82   14     3.06   12    20.87    20.14   -1.88    5.87  -15.44    0.00   -1.88    5.87  100    2    0.00   13    1    26.852     0.000    -0.2     1798    11.26    -0.63  
3994       76   8   8  205.352   1.08     71.32   10     7.13    9   -24.82   -15.00   -2.24   -2.24    6.85    0.00   -2.24   -2.24  136    3    0.00   10    1    25.939     0.000     1.0      297     0.96     2.48  
3994       77   6   7  247.199   0.71    219.00   21    10.43   19     2.94   -28.85   13.90   10.82   22.85   18.51   22.85   18.51   41    5    2.25   13    0    51.379     0.000     1.5     2173     8.50     0.80  
3994       78  12  12   83.958   1.77     33.16    9     3.68    8     8.33    27.78    1.69   -1.89    7.63   21.23    7.63   21.23   24    8    4.48   14    1     6.584     0.000    -4.2     3018    -1.51    -0.94  
3994       79  10  10  163.771   1.08     99.31   16     6.21   13   -26.43    11.93   -5.90    3.96   14.56    0.00   -5.90    3.96   99    3    0.00   11    0    22.020     0.000     2.2     3473    14.15     3.41  
3994       80   4   4   16.299   1.27    684.99   13    52.69   12    28.99     0.77   13.41    1.44   26.35    0.00   13.41    1.44  123    4    0.00    6   13    15.598   201.108    -1.1     1031     0.11     0.03  
3994       81   6   6  256.527   0.73     71.34   11     6.49    9    -3.28   -28.81    1.42   -4.32    3.62    0.00    1.42   -4.32  155    4    0.00    8   14    24.944     0.000    -5.2     2085    -1.01    -1.10  
3994       82   5   4  284.532   0.27     81.70   12     6.81   11    18.71   -22.16    2.30   -8.73   12.96    0.00    2.30   -8.73  173    1    0.00   12    1    21.200   -82.329    -2.9     4642    13.20    -2.95  
3994       83  10   9  169.519   1.12     66.33   15     4.42   13   -21.90    19.01    4.56   12.41   -7.20   16.29   -7.20   16.29   32    5    3.75   14   12    14.952     0.000    -5.1     9259     3.66    -4.45  
3994       84   8   9  224.671   1.88     45.05    4    11.26    3   -28.98    -0.99  -14.48    3.44  -22.60    5.33  -22.60    5.33   93    7    1.93   10    0     8.979   -25.706    -0.9      663    13.66     2.22  
3994       85   9  10  150.369   1.43      8.55   11     0.78    8   -28.84    -3.08    1.00    1.00  999.99  999.99    1.00    1.00  119    0    0.00    9   10    30.114     0.000    -3.5     4213    -2.88    -1.00  
3994       86   7   8  260.489   0.78    131.31   13    10.10   11   -11.73   -26.52    0.84   -4.48   -7.44   -0.97   -7.44   -0.97  134    6   10.78    0   14    25.914     0.000   936.4     6389   944.78   933.63  
3994       88  12  12   94.547   2.85     12.07    6     2.01    4    -6.96    28.15   -3.24   17.38   -6.41   21.23   -6.41   21.23   19    5    2.14    9    2     6.948     0.000     0.1     1536    -2.95    -0.10  
3994       89   2   3   49.858   2.29     50.28    7     7.18    5    23.86    16.48   14.80   10.16    9.96    0.00   14.80   10.16   70    3    0.00    7   12    11.054     0.000    -1.8      549     2.72    -1.22  
3994       90   4   3  320.365   1.14     31.41    5     6.28    4    22.13   -18.74   -8.37    4.38   -5.36    4.04   -5.36    4.04   99    6    1.12   13   11    35.701     0.000     5.8       14    -1.00     2.41  
3994       91  11   0  149.957   0.81    111.92   15     7.46   13   -12.64    26.10    2.80    5.06   32.49    0.00    2.80    5.06  101    3    0.00    1   13    26.092   -63.516   -12.5     1503    -9.60    -7.30  
3994       92   5   5  293.957   1.16     25.72   12     2.14   11    15.06   -24.78    1.96    3.48    4.05    0.00    1.96    3.48  101    3    0.00   11    2    31.146     0.000    -0.2      441     5.24     0.69  
3994       93   1   1   74.434   0.86     76.88   18     4.27   17    10.81    26.91    7.79   13.33    3.32    0.00    7.79   13.33   52    2    0.00    3    2    13.909     0.000    26.2      138    27.10    29.37  
3994       94   6   6  263.300   2.40     13.53    5     2.71    4    11.64   -26.56    8.49  -14.36   10.85  -33.31   10.85  -33.31  255    5    7.51   12    4     6.792     0.000    -2.8      998     6.88    -2.28  
3994       95   4   5  296.934   0.30    112.26   11    10.21   10    28.40    -5.89   18.66    6.68   48.97  -46.38   48.97  -46.38  227    5    2.10   13   10    45.420     0.000    -1.3     4105     0.82    -1.13  
3994       96  10   9  180.223   0.98    317.86   17    18.70   16   -25.45    13.90  -16.63   12.52  -19.63   13.92  -19.63   13.92   43    6    7.98    0    6     5.820     0.000   990.3     2135  1004.26   993.79  
3994       97  12  12   90.754   1.16     73.70   15     4.91   13     1.94    28.94    3.29   -3.35    2.43   -8.35    2.43   -8.35  173   10    4.88   13   10    37.284     0.000    -0.1     3944     6.12     2.22  
3994       98   4   4  320.574   0.98    105.07   14     7.50   13    26.53   -11.72   -3.83    9.51   12.28    0.00   -3.83    9.51   64    4    0.00   10    1    37.038   108.827     0.2      139     2.96     0.46  
3994       99   7   8  220.523   1.38     93.32   10     9.33    9    -8.23   -27.81    5.55  -12.79   24.30    0.00    5.55  -12.79  207    3    0.00    7    2    20.384     0.000    -4.9     2235     5.53    -3.72  
3994      100  10  10  146.907   1.08     41.28   13     3.18   12   -25.79    13.27    3.18   -2.20   -5.43   -0.00    3.18   -2.20  138    4    0.00   11    2    32.842     0.000    -1.1      420    12.08     0.02  
3994      101  12  12   91.047   0.62    149.01   24     6.21   22    -0.78    28.99    3.28  -16.10    0.01  -14.34    0.01  -14.34  206    8   32.18   12    1    43.340  -121.035    -3.0     8841    -4.97    -2.50  
3994      102   7   7  237.055   0.83     29.47   14     2.11   13   -14.65   -25.03    8.99    8.08   10.10   13.17   10.10   13.17   53    5    3.75   12    1    45.512     0.000    -0.4     2125    15.38     1.06  
3994      103   1   2   32.478   1.85      4.31    5     0.86    4     4.49    28.65   -4.52   11.43   -7.67   20.91   -7.67   20.91   19    8    1.40   13    0    14.417   -72.499     1.4     2165    12.36     0.75  
3994      104   8   8  169.811   1.12     32.06   14     2.29   12   -21.45   -19.52    1.50   -2.35  -130.03   -0.00    1.50   -2.35  137    1    0.00   13   14    28.665   -34.254    16.2     7813    14.41    20.78  
3994      105   8   7  243.009   0.38     47.66    7     6.81    6   -28.42    -5.79   -3.70    3.39  -25.47    0.00   -3.70    3.39   99    2    0.00    8    8    26.369     0.000    22.2      717    14.28    21.71  
3994      106  12   1   76.860   1.24     25.59    8     3.20    7     4.18    28.70    1.00    1.00  999.99  999.99    1.00    1.00  119    0    0.00    9   14    27.879    35.380     7.2      192    25.41    -1.00  
3994      107   8   8  243.468   0.94     61.48    5    12.30    4   -25.72   -13.40   -9.94   -6.91  -19.03    0.00   -9.94   -6.91  169    2    0.00   12   13    17.060  -219.717   -36.5       20    -1.00   -35.18  
3994      108  10  10  122.293   0.86     19.64   11     1.79   10   -25.65    13.54   -1.71   -5.12  -17.09   -0.00   -1.71   -5.12  154    4    0.00    8    0    30.343   -43.250     1.3     8325    -0.39     0.20  
3994      110   7   8  247.323   2.39      0.00    2     0.00    1   -22.67   -18.09   -5.92  -15.13  -15.11    0.00   -5.92  -15.13  204    4    0.00   13   13    17.004    94.107     0.7      191     5.29     0.74  
3994      111  11  10  142.427   1.41      7.35    9     0.82    8    -7.64    27.98    3.95   -4.95   28.73    0.00    3.95   -4.95  156    2    0.00   12   11    34.902     0.000     0.9      868    19.97     0.86  
3994      112   3   3  352.725   0.62     26.30   13     2.02   11    28.47    -5.50   -0.36    0.02    8.72   -2.98    8.72   -2.98  139    7    6.05   12   11    19.909  -111.439     3.4     8378    17.38     1.84  
3994      113   2   3   52.674   2.17     60.58    9     6.73    5    24.58    15.40    8.73    5.44   21.30   11.09   21.30   11.09   72   11    2.73   12   10     5.409   -93.839     1.5     2456     0.93     0.74  
3994      114   7   6  246.402   1.13     73.90   11     6.72   10   -23.39   -17.14   -7.04    8.13  -12.61    7.54  -12.61    7.54   78   10    1.66   10    3    26.939    36.854     1.2     3089    10.60     0.75  
3994      115   3   2   24.534   0.98     43.18   12     3.60   10    28.87    -2.71   -3.01  -13.12   34.80    0.00   -3.01  -13.12  205    2    0.00   11   13    33.540     0.000    -0.2      527    13.75    -0.21  
3994      116  12  12   93.781   1.76      7.17    9     0.80    8     1.03    28.98   -2.42    3.00   -2.62   84.23   -2.62   84.23    2    7    8.48   13    1    55.368     0.000     1.8       -4    -1.00     1.13  
3994      117   3   4  347.809   0.48     92.27   13     7.10   12    28.59    -4.87    1.00    1.00  999.99  999.99    1.00    1.00  119    0    0.00    9    0    28.206     0.000     1.5     1085    -0.33    -1.00  
3994      118   4   4  335.014   0.98     35.70   13     2.75   12    24.63   -15.31   -4.81   -3.37   -9.00    0.36   -9.00    0.36  116    9   11.27   11    2    37.105  -133.295     2.4       60    -5.76     1.42  
3994      119   2   2   30.443   0.85     42.01   14     3.00   13    28.67     4.39   -2.26   -7.60   21.20    0.00   -2.26   -7.60  172    2    0.00   11    3    33.163   -38.788    -1.6     3794     8.67     2.03  
3994      120   9   9  177.736   2.46     10.59    6     1.77    5   -27.32    -9.74   -9.84   -8.33  -273.56   -0.00   -9.84   -8.33  169    2    0.00    8   12    17.534     0.000     0.1     1043     7.42    -0.31  
3994      121   4   3  314.988   1.21     58.63   10     5.86    9    22.83   -17.88    5.56   -5.39    3.81    1.16    3.81    1.16  120    5    1.91    1    1    26.915     0.000     5.5       -9    -1.00     4.02  
3994      122   9   9  216.607   2.07     32.79    7     4.68    5   -28.74     3.88  -17.80    6.72  -33.96    0.00  -17.80    6.72   77    3    0.00   12   11    11.299  -105.286    -1.4     3149    -3.05    -2.62  
3994      123  11  10  147.119   1.39     57.21    9     6.36    8    -4.29    28.68    8.00   12.88   16.54   15.21   16.54   15.21   55    5    2.14   13    3    24.806     0.000    -1.7        8    -1.00     0.80  
3994      124   8   7  236.956   0.74     82.62   18     4.59   15   -25.50   -13.81   -5.36   15.43   -5.68   16.66   -5.68   16.66   33    6    9.38   12    1    36.348     0.000    -0.1     5466     0.51     2.03  
3994      125   1   1   73.509   2.83      9.64    6     1.61    4    17.97    22.76   11.55    9.13   11.23    0.00   11.55    9.13   86    3    0.00   10    2    15.065   -25.483    12.5     1006    16.15    12.51  
